----------- single_objective_10Cent_50 -----------
-------------------- 1 ---------------------
log: gen	nevals	mean  	min	max
0  	100   	543.45	387	662
1  	94    	509.51	371	619
2  	98    	485.83	371	601
3  	96    	475.76	345	620
4  	97    	450.3 	330	626
5  	100   	444.95	330	608
6  	96    	432.51	311	611
7  	98    	425.05	311	585
8  	95    	426.53	311	609
9  	92    	430.68	311	626
10 	96    	420.24	311	637
11 	94    	405.99	306	609
12 	95    	401.35	306	641
13 	93    	370.5 	306	527
14 	96    	368.46	306	549
15 	97    	365.35	306	559
16 	98    	353.38	306	597
17 	93    	334.69	306	504
18 	98    	334.11	306	542
19 	97    	350.25	306	601
20 	96    	339.96	306	540
21 	94    	340.61	306	497
22 	96    	344.25	306	540
23 	97    	346.37	306	579
24 	95    	341.42	306	539
25 	95    	348.62	306	632
26 	95    	341.69	306	634
27 	99    	349.26	306	563
28 	96    	339.97	306	573
29 	96    	330.62	306	547
30 	96    	336.93	306	532
31 	97    	341.08	306	650
32 	94    	336.05	306	604
33 	95    	343.27	306	512
34 	94    	329.49	306	472
35 	94    	336.13	306	620
36 	97    	340.75	306	544
37 	94    	334.91	306	497
38 	100   	343.84	306	633
39 	97    	340.28	306	575
40 	95    	338.84	306	572
41 	97    	345.35	306	536
42 	96    	344.58	306	532
43 	88    	333.41	306	535
44 	96    	339.66	306	557
45 	98    	342.74	306	558
46 	95    	338.56	306	574
47 	97    	341.39	306	632
48 	98    	340.87	306	567
49 	95    	337.95	306	503
50 	98    	332.64	306	574
51 	98    	352.09	306	578
52 	98    	340.63	306	545
53 	98    	337.71	306	534
54 	92    	342.34	306	588
55 	98    	330.7 	306	591
56 	97    	346.15	306	522
57 	97    	340.17	306	589
58 	98    	353.61	306	535
59 	98    	335.89	306	594
60 	90    	325.13	306	507
61 	93    	340.39	306	615
62 	97    	332.37	306	515
63 	94    	340.66	306	536
64 	95    	333.58	306	490
65 	99    	336.83	306	549
66 	92    	334.56	306	659
67 	97    	333.21	306	539
68 	95    	333.66	306	536
69 	99    	341.72	306	581
70 	96    	342.83	306	566
71 	98    	355.18	306	607
72 	98    	350.51	306	540
73 	98    	345.62	306	504
74 	94    	338.2 	306	524
75 	96    	341.84	306	555
76 	97    	331.64	306	484
77 	96    	334.18	306	521
78 	95    	340.09	306	535
79 	95    	347.45	306	527
80 	95    	345.85	306	597
81 	98    	348.73	306	615
82 	98    	345.75	306	506
83 	97    	341.81	306	504
84 	94    	343.64	306	504
85 	99    	345.63	306	544
86 	96    	347.03	306	519
87 	98    	350.72	306	572
88 	93    	345.89	306	597
89 	92    	342.3 	306	513
90 	94    	347.71	306	607
91 	94    	349.82	306	540
92 	98    	346.18	306	532
93 	95    	347.82	306	512
94 	95    	353.72	306	583
95 	98    	340.37	306	497
96 	97    	346.69	306	543
97 	96    	343.17	306	581
98 	98    	336.85	306	523
99 	96    	345.76	306	580
100	97    	334.55	306	611
-------------------- 2 ---------------------
log: gen	nevals	mean  	min	max
0  	100   	546.76	423	690
1  	93    	521.26	384	645
2  	98    	502.48	324	630
3  	95    	492.16	324	605
4  	99    	464.27	324	584
5  	97    	450.77	324	618
6  	89    	451.87	324	592
7  	94    	431.41	324	640
8  	93    	427.14	324	621
9  	97    	409.53	324	573
10 	97    	383.23	323	585
11 	97    	370.38	323	612
12 	96    	363.7 	323	635
13 	93    	362.34	323	579
14 	95    	364.12	323	546
15 	97    	373.28	323	523
16 	98    	371.97	323	496
17 	97    	387.73	323	559
18 	93    	386.51	323	621
19 	97    	375.61	312	608
20 	99    	372.09	312	618
21 	97    	361.99	312	554
22 	99    	355.78	312	572
23 	92    	349.1 	312	573
24 	94    	349.78	312	549
25 	96    	348.74	312	607
26 	89    	353.46	312	583
27 	96    	345.42	312	606
28 	99    	353.17	312	563
29 	98    	356.85	312	546
30 	95    	339.92	312	596
31 	97    	344.11	312	514
32 	97    	357.79	312	636
33 	98    	346.52	312	536
34 	93    	352.76	312	598
35 	96    	355.37	312	583
36 	95    	338.92	312	518
37 	91    	342.43	312	524
38 	98    	347.02	312	533
39 	96    	343.45	312	498
40 	97    	351.45	312	543
41 	96    	350.55	312	526
42 	95    	332.99	312	526
43 	97    	346.02	312	626
44 	92    	339.94	312	490
45 	97    	345.17	312	627
46 	98    	334.03	312	536
47 	92    	337.55	312	513
48 	96    	355.85	312	585
49 	98    	347.11	312	516
50 	95    	342.07	312	510
51 	98    	349.81	312	585
52 	94    	336.63	312	507
53 	94    	341.9 	312	526
54 	97    	347.06	312	583
55 	98    	347.46	312	546
56 	95    	335.19	312	516
57 	94    	343.4 	312	510
58 	95    	335.57	312	548
59 	98    	344.1 	312	513
60 	94    	338.62	312	586
61 	99    	345.45	312	578
62 	96    	345.54	312	545
63 	90    	341.07	312	533
64 	95    	347.85	312	573
65 	97    	349.01	312	564
66 	97    	344.12	312	572
67 	96    	344.63	312	660
68 	94    	337.87	312	508
69 	93    	347   	312	604
70 	96    	339.97	312	544
71 	96    	347.57	312	637
72 	95    	347.48	312	503
73 	96    	345.35	312	626
74 	95    	338.5 	312	525
75 	99    	348.9 	312	572
76 	90    	342.1 	312	530
77 	99    	352.27	312	597
78 	99    	338.21	312	513
79 	99    	355.8 	312	616
80 	94    	355.46	312	560
81 	96    	355.04	312	578
82 	95    	343.08	312	535
83 	98    	354.25	312	510
84 	98    	352.13	312	538
85 	99    	352.17	312	573
86 	96    	344.93	312	510
87 	92    	355.51	312	660
88 	97    	347.01	312	572
89 	97    	342.13	312	525
90 	97    	350.98	312	572
91 	95    	340.9 	312	578
92 	97    	340.52	312	600
93 	98    	346.33	312	569
94 	96    	347.15	312	510
95 	97    	350.64	312	503
96 	95    	341.41	312	525
97 	98    	340.22	312	546
98 	93    	353.99	312	549
99 	98    	350.97	312	522
100	95    	338.44	312	584
-------------------- 3 ---------------------
log: gen	nevals	mean  	min	max
0  	100   	538.17	386	664
1  	96    	510.67	366	656
2  	97    	496.66	350	613
3  	97    	482.55	361	624
4  	97    	465.72	361	628
5  	96    	457.23	336	590
6  	96    	441.2 	347	583
7  	95    	430.4 	324	550
8  	96    	432.17	324	580
9  	95    	415.49	324	587
10 	98    	406.08	324	559
11 	96    	395.31	311	532
12 	94    	381.45	311	636
13 	93    	371.07	311	632
14 	95    	374.26	324	581
15 	92    	360.61	324	561
16 	96    	358.98	324	577
17 	97    	356.55	324	527
18 	100   	361.74	324	585
19 	97    	362.79	324	596
20 	98    	359.26	324	539
21 	98    	358.13	324	524
22 	96    	356.3 	324	611
23 	92    	357.65	324	551
24 	96    	355.57	324	539
25 	96    	348.76	324	531
26 	98    	354.48	324	575
27 	94    	351.12	324	511
28 	95    	359.91	324	526
29 	93    	355.02	324	620
30 	97    	346.2 	324	515
31 	97    	354.63	324	524
32 	96    	352.91	324	500
33 	100   	360.93	324	518
34 	95    	356.29	324	625
35 	97    	364.55	324	606
36 	97    	361.75	324	563
37 	99    	357.36	324	486
38 	97    	353.92	324	593
39 	98    	343.46	324	503
40 	98    	356.66	324	544
41 	99    	356.87	324	543
42 	96    	354.12	324	546
43 	93    	361.56	324	564
44 	97    	347.47	324	593
45 	97    	350.5 	324	551
46 	93    	359.7 	324	626
47 	99    	347.9 	324	521
48 	97    	364.25	324	593
49 	98    	358.54	324	577
50 	95    	354.96	324	502
51 	98    	358.23	324	539
52 	98    	359.77	324	525
53 	96    	358.52	324	511
54 	94    	348.03	324	493
55 	98    	345.81	324	509
56 	95    	366.07	324	545
57 	95    	347.45	324	553
58 	98    	350.88	324	508
59 	91    	347.3 	324	488
60 	96    	356.9 	324	573
61 	93    	362.8 	324	596
62 	95    	359.58	324	529
63 	96    	371.04	324	519
64 	97    	361.06	324	560
65 	99    	367.85	324	552
66 	96    	358.76	324	553
67 	94    	355.96	324	593
68 	95    	358.17	324	541
69 	95    	356.64	324	586
70 	97    	361.24	324	623
71 	95    	356.99	324	547
72 	96    	358.42	324	585
73 	100   	364.59	324	540
74 	95    	353.5 	324	555
75 	97    	346.19	324	483
76 	97    	360.14	324	533
77 	94    	351.58	324	476
78 	97    	356.9 	324	596
79 	98    	359.07	324	596
80 	99    	355.11	324	507
81 	99    	355.3 	324	550
82 	97    	357.39	324	552
83 	95    	352.62	324	569
84 	99    	360.88	324	496
85 	98    	357.72	324	566
86 	95    	360.7 	324	596
87 	92    	352.82	324	526
88 	96    	348.95	324	538
89 	98    	360.21	324	573
90 	93    	362.12	324	626
91 	96    	359.17	324	504
92 	96    	359.46	324	551
93 	96    	348.44	324	510
94 	96    	355.09	324	526
95 	93    	355.23	324	496
96 	92    	356.08	324	585
97 	96    	350.74	324	547
98 	97    	346.67	324	483
99 	96    	363.22	324	552
100	92    	367.6 	324	564
-------------------- 4 ---------------------
log: gen	nevals	mean  	min	max
0  	100   	546.15	418	654
1  	94    	514.91	428	618
2  	96    	496.75	386	647
3  	93    	480.01	384	639
4  	97    	472.45	369	649
5  	95    	462.38	364	602
6  	95    	449.73	363	585
7  	94    	439.11	363	553
8  	97    	426.66	335	603
9  	97    	424.2 	324	573
10 	97    	402.82	324	593
11 	91    	398.28	324	567
12 	95    	387.19	324	613
13 	94    	370.18	324	539
14 	95    	374.6 	324	534
15 	97    	356.42	324	571
16 	97    	349.38	324	521
17 	96    	368.22	324	545
18 	97    	368.78	324	658
19 	95    	359.65	324	596
20 	96    	349.35	324	526
21 	94    	359.39	324	635
22 	92    	349.63	324	496
23 	98    	352.82	324	505
24 	98    	364.54	324	506
25 	96    	351.3 	324	517
26 	96    	351.62	324	524
27 	97    	355.52	324	529
28 	97    	362.93	324	587
29 	97    	357.2 	324	493
30 	98    	356.12	324	516
31 	95    	350.31	324	631
32 	95    	356.92	324	548
33 	97    	361.25	324	538
34 	99    	351.11	324	517
35 	89    	357.75	324	589
36 	97    	353.06	324	575
37 	96    	350.61	324	613
38 	98    	358.54	324	624
39 	99    	361.92	324	571
40 	98    	364.73	324	580
41 	96    	362.61	324	575
42 	96    	351.01	324	488
43 	95    	356.68	324	565
44 	98    	346.66	324	509
45 	96    	359.37	324	544
46 	97    	367.37	324	558
47 	99    	364.59	324	567
48 	93    	358.89	324	526
49 	96    	346.68	324	499
50 	94    	351.59	324	509
51 	97    	352.7 	324	508
52 	95    	353.45	324	496
53 	98    	363.69	324	534
54 	94    	356.9 	324	558
55 	92    	358.55	324	585
56 	92    	361.81	324	546
57 	96    	352.02	324	566
58 	96    	361.07	324	545
59 	97    	359.94	324	548
60 	97    	356.69	324	536
61 	93    	364.78	324	627
62 	97    	352.88	324	541
63 	98    	360.76	324	609
64 	99    	362.74	324	555
65 	96    	358.65	324	575
66 	96    	366.43	324	536
67 	91    	350.92	324	544
68 	98    	362.1 	324	623
69 	97    	355.74	324	521
70 	94    	357.78	324	635
71 	93    	362.38	324	591
72 	95    	356.16	324	591
73 	92    	361.91	324	635
74 	97    	344.41	324	493
75 	99    	360.11	324	520
76 	96    	357.93	324	625
77 	97    	345.57	324	493
78 	96    	348.74	324	537
79 	96    	368.24	324	571
80 	98    	365.37	324	596
81 	97    	353.25	324	536
82 	92    	362.82	324	540
83 	96    	362.67	324	515
84 	97    	353.24	324	510
85 	92    	349.26	324	502
86 	92    	353.35	324	529
87 	98    	351.48	324	496
88 	94    	341.79	324	496
89 	99    	358.87	324	560
90 	95    	350.03	324	508
91 	98    	353.87	324	539
92 	94    	359.45	324	508
93 	94    	356.95	324	563
94 	98    	360.5 	324	520
95 	99    	359.23	324	594
96 	97    	355.96	324	516
97 	95    	357.64	324	522
98 	94    	346.74	324	551
99 	96    	354.37	324	588
100	97    	357.45	324	511
-------------------- 5 ---------------------
log: gen	nevals	mean  	min	max
0  	100   	551.6 	379	662
1  	91    	507.65	379	603
2  	94    	492.85	372	653
3  	98    	489.7 	379	601
4  	96    	470.44	379	647
5  	94    	462.74	355	587
6  	97    	451.06	351	621
7  	98    	448.07	351	576
8  	95    	444.46	355	659
9  	97    	438.19	355	601
10 	97    	434.18	347	646
11 	97    	424.51	347	546
12 	96    	418.53	324	624
13 	97    	411.35	347	529
14 	95    	406.84	347	566
15 	99    	410.9 	338	560
16 	98    	421.68	347	600
17 	96    	412.2 	336	586
18 	96    	388.94	336	623
19 	98    	375.53	327	557
20 	95    	376.65	324	569
21 	95    	372.17	335	516
22 	94    	369.71	327	505
23 	96    	367.65	324	548
24 	94    	366.49	324	550
25 	95    	365.33	324	586
26 	99    	363.7 	324	572
27 	95    	367.5 	324	643
28 	95    	354.42	324	635
29 	96    	364.73	324	553
30 	96    	353.08	324	540
31 	95    	352.84	324	530
32 	99    	356.75	324	601
33 	97    	355.86	324	522
34 	93    	348.94	324	633
35 	97    	350.78	324	574
36 	93    	348.86	324	553
37 	96    	350.93	324	496
38 	92    	356.41	324	521
39 	91    	357.38	324	527
40 	89    	359.55	324	594
41 	97    	355.22	324	541
42 	98    	356.89	324	567
43 	95    	357.1 	324	540
44 	95    	364.79	324	522
45 	98    	359.27	324	551
46 	95    	357.9 	324	551
47 	92    	365.11	324	559
48 	97    	359.48	324	601
49 	94    	350.63	324	486
50 	96    	357.1 	324	613
51 	95    	358   	324	536
52 	96    	366.06	324	527
53 	98    	360.44	324	510
54 	98    	363.28	324	571
55 	95    	360.98	324	635
56 	93    	351.35	324	506
57 	98    	356.83	324	593
58 	98    	354.61	324	516
59 	96    	354.65	324	515
60 	97    	355.46	324	601
61 	97    	349.83	324	501
62 	96    	367.25	324	504
63 	94    	362.41	324	496
64 	95    	349.31	324	504
65 	97    	366.74	324	594
66 	96    	355.66	324	577
67 	98    	360.21	324	497
68 	97    	361.91	324	536
69 	96    	360.62	324	514
70 	96    	357.44	324	516
71 	100   	364.03	324	550
72 	96    	344.08	324	496
73 	96    	356.64	324	538
74 	96    	359.4 	324	573
75 	96    	357.99	324	537
76 	99    	357.38	324	569
77 	97    	366.57	324	520
78 	94    	353.5 	324	546
79 	96    	362.17	324	577
80 	95    	361.81	324	536
81 	91    	348.53	324	508
82 	97    	351.88	324	512
83 	97    	358.47	324	596
84 	92    	358.21	324	625
85 	94    	350.85	324	540
86 	94    	360.67	324	580
87 	95    	358.59	324	587
88 	95    	358.24	324	544
89 	96    	357.35	324	549
90 	98    	362.11	324	519
91 	97    	361.93	324	598
92 	95    	351.48	324	496
93 	98    	352   	324	500
94 	92    	357.37	324	562
95 	96    	348.99	324	496
96 	97    	357.7 	324	608
97 	95    	355.38	324	494
98 	96    	344.7 	324	486
99 	94    	365.58	324	541
100	98    	368.9 	324	496
-------------------- 6 ---------------------
log: gen	nevals	mean  	min	max
0  	100   	547.12	405	693
1  	96    	514.04	403	623
2  	94    	480.2 	376	633
3  	96    	473.64	366	638
4  	97    	467.95	343	609
5  	95    	445.11	343	627
6  	96    	428.8 	324	594
7  	94    	414.43	324	571
8  	96    	411   	311	657
9  	95    	401.09	311	642
10 	97    	384.53	311	600
11 	95    	378.09	311	551
12 	94    	371.03	311	553
13 	96    	366.05	311	525
14 	98    	359.15	311	537
15 	97    	361.43	327	571
16 	95    	362.11	327	525
17 	97    	360.13	327	589
18 	96    	355.98	327	583
19 	97    	365.24	327	525
20 	95    	364.93	327	529
21 	96    	361.17	327	525
22 	96    	368.32	327	542
23 	97    	360.57	327	541
24 	97    	371.28	327	614
25 	97    	359.82	327	505
26 	98    	360.7 	327	537
27 	99    	353.01	327	547
28 	96    	353.3 	327	520
29 	98    	352.09	327	529
30 	96    	357.46	327	554
31 	96    	358.56	327	597
32 	97    	356.83	327	514
33 	94    	364.34	327	549
34 	96    	360.19	327	576
35 	97    	359.58	327	549
36 	99    	362.91	327	525
37 	96    	362.37	327	630
38 	94    	364.54	327	566
39 	98    	353.05	327	536
40 	95    	352.67	327	521
41 	97    	365.41	327	552
42 	98    	354.41	327	525
43 	99    	357.33	327	549
44 	97    	353.57	327	505
45 	99    	354.4 	327	525
46 	95    	366.31	327	628
47 	93    	355.65	327	525
48 	93    	354.61	327	535
49 	94    	358.82	327	508
50 	95    	357.6 	327	525
51 	94    	357.22	327	525
52 	97    	366.36	327	560
53 	100   	364.6 	327	558
54 	94    	361.21	327	604
55 	95    	361.1 	327	606
56 	99    	360.31	327	604
57 	94    	352.86	327	485
58 	97    	355.44	327	525
59 	93    	349.09	327	525
60 	95    	355.02	327	525
61 	99    	355.5 	327	558
62 	99    	366.69	327	537
63 	98    	365.03	327	567
64 	95    	351.92	327	564
65 	97    	355.64	327	539
66 	97    	364.95	327	591
67 	100   	370.33	327	571
68 	98    	370.04	327	559
69 	97    	360.17	327	585
70 	96    	356.02	327	525
71 	96    	354.78	327	591
72 	98    	355.37	327	503
73 	93    	348.65	327	505
74 	95    	360.35	327	525
75 	95    	360.79	327	547
76 	96    	356.19	327	570
77 	99    	356.95	327	496
78 	97    	361.26	327	533
79 	94    	356.44	327	525
80 	95    	355.57	327	571
81 	94    	355.34	327	525
82 	97    	360.3 	327	525
83 	98    	365.46	327	537
84 	95    	363.87	327	542
85 	100   	360.39	327	570
86 	94    	356.2 	327	609
87 	98    	374.32	327	558
88 	94    	347.14	327	525
89 	99    	359.64	327	583
90 	96    	357.64	327	558
91 	97    	360.84	327	545
92 	100   	358.07	327	582
93 	95    	359.56	327	563
94 	97    	355.61	327	584
95 	95    	354.37	327	536
96 	93    	364.22	327	584
97 	97    	360.79	327	508
98 	98    	354.06	327	574
99 	95    	349.02	327	505
100	95    	348.82	327	520
-------------------- 7 ---------------------
log: gen	nevals	mean  	min	max
0  	100   	542.08	414	673
1  	99    	507.68	412	647
2  	97    	486.94	378	627
3  	98    	475.57	384	657
4  	98    	467.87	377	587
5  	97    	463.35	359	581
6  	94    	459.67	358	577
7  	96    	461.04	359	588
8  	99    	461.1 	336	633
9  	97    	448.5 	323	604
10 	98    	439.92	325	626
11 	94    	414.71	324	615
12 	97    	397.66	311	567
13 	98    	384.64	335	598
14 	97    	378.6 	335	585
15 	97    	383.4 	335	608
16 	97    	372.71	311	554
17 	95    	394.43	311	631
18 	97    	381.67	311	527
19 	92    	379.47	311	553
20 	97    	389.24	311	584
21 	94    	375.55	311	565
22 	99    	370.23	311	536
23 	94    	365.96	311	512
24 	95    	364.74	311	570
25 	93    	380.55	311	570
26 	99    	377.03	311	585
27 	96    	360.97	311	499
28 	91    	364.23	311	544
29 	93    	367.66	311	513
30 	97    	370.21	311	612
31 	95    	359.44	311	522
32 	96    	351.03	311	612
33 	95    	358.4 	311	589
34 	97    	359.38	311	613
35 	92    	348.02	311	533
36 	97    	341.63	311	495
37 	96    	344.99	311	600
38 	96    	353.79	311	539
39 	96    	347.32	311	525
40 	99    	352.73	311	509
41 	95    	339.08	311	539
42 	96    	343.8 	311	587
43 	96    	343.61	311	607
44 	96    	342.96	311	527
45 	94    	335.11	311	489
46 	92    	351.69	311	589
47 	99    	340.85	311	524
48 	97    	339.08	311	502
49 	96    	344.1 	311	581
50 	91    	348.87	311	553
51 	96    	348.43	311	581
52 	95    	340.58	311	612
53 	94    	352.76	311	553
54 	97    	351.03	311	556
55 	96    	349.47	311	580
56 	98    	343.1 	311	509
57 	92    	339.77	311	522
58 	95    	341.85	311	565
59 	92    	340.99	311	528
60 	94    	346.07	311	626
61 	98    	347.63	311	577
62 	97    	360.94	311	612
63 	93    	352.84	311	548
64 	95    	345.82	311	587
65 	97    	340.65	311	552
66 	95    	337.32	311	509
67 	94    	340.96	311	488
68 	95    	334.32	311	610
69 	98    	349.42	311	612
70 	97    	347.39	311	550
71 	99    	351.17	311	630
72 	95    	348.45	311	562
73 	99    	339.69	311	502
74 	93    	349.09	311	594
75 	98    	350.41	311	535
76 	97    	343.08	311	549
77 	98    	350.96	311	553
78 	94    	348.54	311	567
79 	97    	349   	311	642
80 	97    	345.11	311	489
81 	97    	357.01	311	508
82 	95    	344.96	311	584
83 	97    	354.59	311	580
84 	98    	343.66	311	598
85 	95    	341.42	311	533
86 	95    	343.16	311	582
87 	97    	332.38	311	502
88 	94    	339.05	311	495
89 	93    	351.52	311	590
90 	92    	346.6 	311	520
91 	97    	339.28	311	509
92 	95    	344.91	311	519
93 	93    	346.7 	311	517
94 	98    	343.77	311	552
95 	96    	353.19	311	558
96 	95    	350.03	311	517
97 	97    	351.61	311	642
98 	98    	360.1 	311	630
99 	97    	338.74	311	525
100	99    	352.43	311	568
-------------------- 8 ---------------------
log: gen	nevals	mean  	min	max
0  	100   	543   	421	646
1  	93    	503.85	345	610
2  	94    	490.23	345	635
3  	100   	469.45	345	668
4  	95    	456.99	345	572
5  	97    	445.14	332	591
6  	98    	427.28	312	625
7  	97    	423.67	332	617
8  	99    	423.88	311	636
9  	94    	419.3 	311	602
10 	93    	414.81	311	592
11 	96    	401.55	311	572
12 	96    	397.81	311	608
13 	97    	401.46	311	630
14 	93    	403   	311	584
15 	98    	398.34	311	581
16 	95    	399.86	311	540
17 	95    	404.54	311	579
18 	93    	395.99	306	639
19 	99    	370.83	306	539
20 	100   	367.84	306	570
21 	100   	373.44	306	563
22 	96    	367.96	306	631
23 	96    	357.83	306	605
24 	94    	336.9 	306	525
25 	92    	342.3 	306	490
26 	97    	337.02	306	504
27 	96    	338.21	306	591
28 	94    	336.49	306	504
29 	95    	337.52	306	553
30 	97    	345.27	306	592
31 	95    	334.85	306	566
32 	98    	336.8 	306	565
33 	93    	342.96	306	574
34 	94    	351.16	306	508
35 	96    	343.04	306	592
36 	99    	335.02	306	558
37 	96    	342.22	306	535
38 	99    	334.96	306	600
39 	98    	345.66	306	630
40 	96    	343.26	306	577
41 	98    	337.86	306	519
42 	99    	337.3 	306	540
43 	95    	344.2 	306	551
44 	99    	344.31	306	534
45 	96    	347.1 	306	524
46 	95    	347.31	306	557
47 	100   	340.91	306	581
48 	96    	337.41	306	544
49 	96    	346.89	306	521
50 	99    	351.61	306	520
51 	95    	348.18	306	566
52 	98    	344.65	306	553
53 	96    	335.5 	306	504
54 	99    	334.57	306	527
55 	95    	336.54	306	510
56 	97    	340.83	306	604
57 	95    	341.87	306	524
58 	97    	341.56	306	586
59 	96    	333.59	306	555
60 	95    	337.83	306	518
61 	96    	340.05	306	519
62 	98    	337.27	306	572
63 	93    	342.27	306	569
64 	96    	335.67	306	533
65 	98    	351.02	306	595
66 	99    	346.54	306	579
67 	98    	338.69	306	535
68 	96    	353.91	306	633
69 	98    	346.28	306	577
70 	99    	352.15	306	519
71 	94    	341.27	306	581
72 	95    	349.44	306	546
73 	97    	350.66	306	521
74 	97    	350.2 	306	624
75 	93    	347.75	306	615
76 	93    	339.25	306	544
77 	97    	342.96	306	497
78 	98    	352.35	306	554
79 	99    	340.31	306	548
80 	94    	345.18	306	531
81 	90    	338.89	306	572
82 	95    	351.63	306	578
83 	98    	342.46	306	545
84 	94    	340.63	306	504
85 	93    	339.38	306	511
86 	99    	343.56	306	532
87 	97    	350.7 	306	589
88 	96    	337.82	306	530
89 	96    	333.94	306	531
90 	94    	338.58	306	558
91 	97    	330.6 	306	555
92 	97    	336.01	306	504
93 	96    	331.76	306	579
94 	96    	341.47	306	490
95 	92    	339.79	306	645
96 	92    	336.31	306	608
97 	97    	326.11	306	490
98 	98    	345.74	306	591
99 	98    	338.67	306	544
100	92    	329.45	306	607
-------------------- 9 ---------------------
log: gen	nevals	mean  	min	max
0  	100   	542.75	370	665
1  	90    	509.67	397	633
2  	97    	480.62	386	608
3  	95    	479.57	397	626
4  	99    	474.18	378	607
5  	99    	463.01	376	568
6  	97    	455.76	343	578
7  	97    	452.08	343	604
8  	93    	440.27	351	604
9  	97    	428.58	344	566
10 	96    	437.32	336	668
11 	96    	427.62	332	610
12 	92    	414.26	332	596
13 	96    	411.26	312	631
14 	96    	409.86	312	633
15 	95    	398.29	312	568
16 	95    	386.14	312	630
17 	94    	368.36	312	559
18 	93    	370.81	312	570
19 	96    	366   	312	627
20 	95    	347.14	312	532
21 	99    	348.08	312	580
22 	94    	356.51	312	600
23 	98    	349.47	312	522
24 	92    	358.77	312	574
25 	96    	354.5 	312	664
26 	97    	346.94	312	510
27 	97    	351.15	312	585
28 	95    	342.86	312	535
29 	94    	345.36	312	576
30 	91    	352.68	312	527
31 	97    	348.05	312	520
32 	100   	342.98	312	665
33 	97    	359.7 	312	578
34 	96    	348.36	312	549
35 	96    	350.68	312	553
36 	97    	351.39	312	530
37 	97    	345.56	312	553
38 	98    	349.71	312	575
39 	92    	349.18	312	621
40 	96    	343.52	312	516
41 	95    	339.96	312	510
42 	97    	350.98	312	599
43 	98    	349.8 	312	568
44 	97    	339.18	312	604
45 	91    	343.79	312	535
46 	95    	351.36	312	558
47 	94    	350.12	312	576
48 	95    	341.68	312	637
49 	97    	349.41	312	562
50 	97    	355.76	312	601
51 	97    	347.25	312	544
52 	99    	354.35	312	620
53 	96    	350.67	312	555
54 	95    	357.16	312	575
55 	97    	351.72	312	585
56 	100   	351.86	312	510
57 	95    	352.06	312	544
58 	98    	347.95	312	528
59 	88    	344.52	312	578
60 	95    	348.48	312	621
61 	95    	339.12	312	510
62 	94    	339.35	312	613
63 	92    	341.37	312	608
64 	93    	344.1 	312	510
65 	98    	346.05	312	584
66 	96    	343.62	312	503
67 	96    	335.57	312	607
68 	94    	343   	312	543
69 	98    	354.59	312	571
70 	96    	342.37	312	565
71 	94    	339.8 	312	540
72 	94    	347.36	312	509
73 	95    	352.44	312	503
74 	95    	334.57	312	490
75 	98    	345.84	312	520
76 	97    	341.03	312	548
77 	97    	342.89	312	510
78 	94    	340.25	312	516
79 	96    	345.41	312	613
80 	95    	349.48	312	613
81 	95    	349.09	312	576
82 	97    	346.77	312	503
83 	98    	342.71	312	547
84 	94    	333.32	312	487
85 	97    	348.07	312	536
86 	97    	353.26	312	637
87 	94    	335.08	312	483
88 	97    	346.1 	312	634
89 	94    	349.9 	312	621
90 	93    	357.92	312	510
91 	99    	350.53	312	584
92 	97    	335.52	312	548
93 	96    	341.01	312	506
94 	95    	345.17	312	582
95 	97    	349.63	312	546
96 	96    	341.88	312	503
97 	97    	348.38	312	547
98 	97    	344.8 	312	510
99 	99    	356.16	312	524
100	95    	347.79	312	545
-------------------- 10 ---------------------
log: gen	nevals	mean  	min	max
0  	100   	553.96	414	673
1  	96    	510.74	364	630
2  	99    	486.15	384	617
3  	100   	472.83	359	590
4  	95    	457.12	365	615
5  	95    	441.07	365	577
6  	96    	427.88	349	589
7  	97    	414.68	351	553
8  	96    	411.92	348	537
9  	94    	408.85	317	591
10 	96    	409.11	317	576
11 	98    	410.86	317	589
12 	97    	408.22	312	601
13 	96    	396.16	312	584
14 	100   	395.38	312	602
15 	94    	380.78	312	568
16 	94    	368.32	312	621
17 	92    	368.22	312	598
18 	95    	346.81	312	515
19 	95    	347.05	312	575
20 	98    	346.85	312	510
21 	95    	341.28	312	538
22 	91    	340.23	312	575
23 	96    	337.07	312	510
24 	97    	344.43	312	503
25 	92    	342.28	312	602
26 	96    	345.83	312	609
27 	98    	339.06	312	526
28 	97    	345.51	312	585
29 	95    	339.63	312	536
30 	99    	351.63	312	536
31 	98    	347.97	312	578
32 	98    	351.75	312	515
33 	95    	340.69	312	521
34 	100   	352.48	312	565
35 	97    	349.38	312	510
36 	96    	338.17	312	518
37 	100   	346.35	312	604
38 	93    	349.18	312	573
39 	97    	343.01	312	590
40 	98    	354.55	312	549
41 	99    	350.56	312	527
42 	97    	351.72	312	570
43 	96    	353.15	312	510
44 	94    	353.75	312	620
45 	99    	348.57	312	513
46 	95    	340.62	312	573
47 	98    	349.86	312	563
48 	95    	342.5 	312	519
49 	98    	345.88	312	525
50 	98    	346.31	312	572
51 	99    	349.27	312	584
52 	100   	342.05	312	520
53 	94    	342.22	312	527
54 	96    	335.75	312	503
55 	98    	354.54	312	510
56 	97    	337.48	312	498
57 	93    	338.28	312	519
58 	99    	352.32	312	547
59 	99    	353.52	312	561
60 	96    	338.18	312	509
61 	95    	355.74	312	578
62 	93    	339.2 	312	477
63 	98    	347.78	312	526
64 	94    	343.88	312	555
65 	98    	349.52	312	528
66 	99    	343.52	312	538
67 	98    	354.32	312	513
68 	92    	349.73	312	570
69 	98    	345.57	312	536
70 	96    	338.89	312	573
71 	96    	342.62	312	578
72 	95    	352.62	312	512
73 	93    	342.16	312	503
74 	98    	349.25	312	583
75 	94    	346.76	312	516
76 	92    	339.2 	312	621
77 	96    	344.46	312	496
78 	94    	338.83	312	556
79 	98    	341.37	312	503
80 	95    	340.64	312	529
81 	100   	349.37	312	608
82 	95    	339.25	312	570
83 	94    	348.43	312	510
84 	96    	343.38	312	582
85 	97    	349.23	312	539
86 	95    	351.58	312	516
87 	94    	340.09	312	598
88 	97    	346.09	312	634
89 	95    	354.94	312	592
90 	97    	362.2 	312	561
91 	92    	338.44	312	517
92 	98    	349.51	312	546
93 	97    	348.36	312	613
94 	97    	346.95	312	608
95 	93    	343.81	312	533
96 	93    	352.76	312	557
97 	98    	346.89	312	593
98 	98    	349.03	312	551
99 	95    	339.19	312	570
100	97    	350.04	312	533
-------------------- 11 ---------------------
log: gen	nevals	mean  	min	max
0  	100   	548.08	417	674
1  	99    	521.31	383	654
2  	94    	499.66	383	627
3  	96    	481.79	378	624
4  	95    	450.1 	356	633
5  	96    	446.71	367	567
6  	99    	438.03	324	594
7  	90    	430.74	324	571
8  	97    	443.63	327	618
9  	95    	432.12	327	603
10 	100   	420.31	327	666
11 	97    	402.18	327	534
12 	97    	387.69	324	587
13 	97    	386.06	324	583
14 	96    	376.09	324	560
15 	94    	378.75	324	578
16 	98    	382.22	324	566
17 	95    	377.2 	324	578
18 	99    	370.13	324	546
19 	97    	350.11	324	504
20 	97    	362.44	324	566
21 	95    	355.35	324	579
22 	93    	345.67	324	575
23 	94    	367.47	324	625
24 	97    	360.58	324	552
25 	98    	359.2 	324	536
26 	95    	351.72	324	557
27 	94    	356.08	324	560
28 	86    	349.74	324	524
29 	98    	351.77	324	601
30 	95    	349.27	324	489
31 	99    	362.67	324	554
32 	97    	363.7 	324	493
33 	98    	355.65	324	522
34 	98    	361.56	324	552
35 	97    	349.35	324	496
36 	97    	358.13	324	578
37 	96    	359.7 	324	516
38 	94    	354.72	324	577
39 	94    	355.96	324	513
40 	96    	346.11	324	554
41 	98    	351.22	324	493
42 	95    	364.67	324	497
43 	94    	362.45	324	566
44 	93    	347.13	324	500
45 	99    	357.86	324	593
46 	94    	356.53	324	547
47 	97    	351.37	324	510
48 	94    	354.01	324	625
49 	96    	345.78	324	501
50 	93    	355.35	324	545
51 	96    	356.33	324	506
52 	96    	360.46	324	533
53 	97    	369.64	324	540
54 	97    	360.97	324	566
55 	98    	356.55	324	508
56 	93    	361.4 	324	605
57 	100   	367.51	324	569
58 	97    	363.44	324	538
59 	96    	355.64	324	527
60 	94    	359.53	324	537
61 	92    	357.13	324	494
62 	99    	359.51	324	561
63 	97    	349.62	324	593
64 	96    	352.78	324	555
65 	97    	352.36	324	545
66 	95    	360.01	324	625
67 	96    	347.57	324	606
68 	99    	344.08	324	509
69 	96    	361.08	324	563
70 	97    	365.3 	324	534
71 	97    	358.59	324	546
72 	99    	347.18	324	516
73 	94    	354.44	324	567
74 	97    	365.21	324	611
75 	94    	359.45	324	566
76 	96    	351.24	324	493
77 	94    	358.48	324	538
78 	99    	361.65	324	536
79 	96    	350.42	324	496
80 	95    	360.55	324	537
81 	99    	346.79	324	493
82 	94    	361.22	324	601
83 	92    	368.09	324	513
84 	94    	353.39	324	546
85 	95    	348.92	324	496
86 	96    	358.06	324	560
87 	98    	354.52	324	561
88 	95    	354.68	324	625
89 	97    	353.48	324	517
90 	92    	349.85	324	496
91 	99    	355.13	324	536
92 	93    	352.82	324	608
93 	98    	352.13	324	516
94 	99    	367.51	324	523
95 	93    	353.33	324	541
96 	97    	358.1 	324	587
97 	95    	361.3 	324	568
98 	96    	358.25	324	516
99 	94    	361.22	324	613
100	95    	351.02	324	596
-------------------- 12 ---------------------
log: gen	nevals	mean  	min	max
0  	100   	545.06	402	662
1  	94    	507.7 	372	615
2  	98    	480.32	372	635
3  	98    	457.95	372	569
4  	95    	456.56	340	632
5  	96    	437.24	345	595
6  	93    	433.82	345	545
7  	97    	417.85	334	579
8  	97    	411.95	334	557
9  	97    	398.65	334	544
10 	92    	392.73	334	602
11 	96    	374.26	334	566
12 	95    	379.3 	306	554
13 	96    	383.05	306	604
14 	95    	366.58	306	554
15 	93    	359.64	306	567
16 	100   	352.96	306	531
17 	97    	341.98	306	504
18 	97    	348.62	306	607
19 	95    	344.16	306	497
20 	95    	329.88	306	489
21 	98    	356.03	306	607
22 	96    	345.05	306	546
23 	100   	338.49	306	589
24 	98    	336.45	306	570
25 	94    	339.91	306	626
26 	94    	342.82	306	553
27 	99    	336.88	306	490
28 	93    	337.59	306	504
29 	95    	340.57	306	504
30 	97    	337.41	306	520
31 	94    	340.62	306	510
32 	99    	353.86	306	597
33 	95    	336.41	306	598
34 	95    	346.22	306	582
35 	98    	347.45	306	530
36 	96    	331.03	306	565
37 	96    	347.46	306	558
38 	98    	352.48	306	566
39 	97    	342.93	306	572
40 	97    	335.83	306	569
41 	98    	333.75	306	577
42 	96    	350.48	306	573
43 	90    	340.5 	306	543
44 	97    	333.25	306	489
45 	97    	337.65	306	553
46 	98    	350.55	306	572
47 	98    	347.84	306	513
48 	97    	345.03	306	632
49 	97    	336.33	306	591
50 	98    	335.18	306	604
51 	98    	340.5 	306	538
52 	99    	346.85	306	504
53 	93    	347.2 	306	502
54 	97    	344.93	306	541
55 	99    	335.47	306	525
56 	96    	337.18	306	541
57 	93    	338.88	306	579
58 	98    	330.98	306	497
59 	93    	340.66	306	507
60 	99    	336.26	306	534
61 	95    	340.37	306	556
62 	98    	341.4 	306	497
63 	97    	346.22	306	574
64 	95    	348.96	306	575
65 	98    	340.03	306	585
66 	96    	349.44	306	532
67 	99    	349.48	306	574
68 	93    	344.46	306	554
69 	93    	343.73	306	574
70 	96    	350.02	306	563
71 	95    	345.05	306	555
72 	97    	346.75	306	607
73 	96    	335.23	306	483
74 	96    	339.25	306	501
75 	98    	337.93	306	497
76 	98    	352.72	306	579
77 	95    	343.22	306	537
78 	96    	342.29	306	566
79 	99    	339.34	306	592
80 	98    	342.67	306	659
81 	97    	344.04	306	527
82 	97    	336.83	306	497
83 	96    	341.37	306	592
84 	96    	325.54	306	490
85 	94    	333.05	306	642
86 	97    	351.28	306	558
87 	99    	347.36	306	572
88 	96    	342.33	306	564
89 	89    	349.54	306	567
90 	96    	340.01	306	543
91 	96    	345.86	306	536
92 	96    	335.6 	306	532
93 	96    	336.62	306	659
94 	95    	327.81	306	497
95 	95    	339.44	306	530
96 	93    	334.96	306	516
97 	90    	334.77	306	504
98 	97    	343.35	306	504
99 	97    	337.61	306	523
100	98    	341.89	306	542
-------------------- 13 ---------------------
log: gen	nevals	mean  	min	max
0  	100   	550.38	438	688
1  	98    	511.29	431	639
2  	95    	500.28	411	620
3  	97    	496.6 	411	621
4  	96    	489.5 	382	642
5  	98    	468.74	364	574
6  	96    	459.18	354	640
7  	97    	446.59	354	612
8  	98    	420.78	337	553
9  	99    	423.05	332	593
10 	97    	406.92	317	554
11 	96    	406.4 	312	554
12 	97    	393.77	317	560
13 	98    	412.37	317	606
14 	95    	411.84	312	654
15 	99    	395.81	312	680
16 	94    	373.3 	312	601
17 	95    	369.62	312	535
18 	89    	358.08	312	636
19 	94    	346.57	312	634
20 	96    	347.16	312	503
21 	99    	351.79	312	573
22 	99    	359.91	312	526
23 	98    	344.75	312	510
24 	97    	345.24	312	547
25 	94    	336.15	312	584
26 	95    	347.7 	312	510
27 	95    	349.13	312	573
28 	91    	345.22	312	627
29 	95    	342.8 	312	613
30 	96    	346.27	312	510
31 	97    	347.64	312	575
32 	97    	349.52	312	626
33 	99    	349.84	312	546
34 	92    	340.11	312	554
35 	96    	352.91	312	554
36 	96    	348.46	312	526
37 	94    	336.48	312	554
38 	97    	341.8 	312	504
39 	95    	351.71	312	521
40 	97    	352.36	312	503
41 	94    	343.15	312	504
42 	93    	345.5 	312	620
43 	97    	343.43	312	503
44 	100   	356.09	312	536
45 	100   	350.95	312	561
46 	96    	352.04	312	627
47 	98    	341.62	312	510
48 	94    	357.68	312	627
49 	94    	342.45	312	525
50 	98    	340.37	312	510
51 	91    	345.11	312	510
52 	95    	346.97	312	552
53 	93    	352.96	312	581
54 	98    	346.27	312	570
55 	95    	344.41	312	564
56 	95    	348.82	312	513
57 	94    	362.01	312	613
58 	98    	344.49	312	597
59 	96    	359.37	312	578
60 	96    	356.82	312	602
61 	94    	350.79	312	593
62 	97    	347.74	312	613
63 	93    	351.04	312	525
64 	94    	343.41	312	513
65 	97    	352.99	312	510
66 	98    	358.13	312	535
67 	96    	351.68	312	635
68 	92    	354.12	312	626
69 	99    	353.76	312	620
70 	99    	345.06	312	517
71 	96    	355.59	312	627
72 	98    	348.73	312	564
73 	93    	336.55	312	530
74 	98    	351.98	312	510
75 	96    	347.7 	312	532
76 	96    	350.01	312	578
77 	97    	347.42	312	523
78 	96    	349.69	312	571
79 	93    	346.91	312	503
80 	98    	350.91	312	510
81 	93    	360.95	312	613
82 	95    	346.25	312	543
83 	97    	351.32	312	501
84 	96    	350.71	312	510
85 	97    	343.19	312	611
86 	95    	346.99	312	503
87 	99    	352.18	312	526
88 	92    	342.84	312	585
89 	99    	342.44	312	503
90 	95    	347.09	312	528
91 	96    	346.58	312	538
92 	99    	345.03	312	598
93 	96    	348.28	312	582
94 	95    	348.1 	312	628
95 	97    	347.12	312	535
96 	96    	342.25	312	523
97 	95    	351.86	312	581
98 	99    	348.81	312	503
99 	97    	344.45	312	613
100	98    	346.58	312	570
-------------------- 14 ---------------------
log: gen	nevals	mean  	min	max
0  	100   	553.29	434	665
1  	97    	512.75	381	616
2  	97    	496.24	357	590
3  	99    	488.33	311	594
4  	98    	461.45	311	599
5  	93    	448.31	311	588
6  	95    	443.08	311	647
7  	95    	423.4 	311	617
8  	98    	415.86	311	556
9  	96    	387.52	311	544
10 	96    	378.8 	311	543
11 	99    	371.07	311	563
12 	97    	346.42	311	600
13 	93    	350.41	311	582
14 	98    	346.3 	311	575
15 	98    	347.35	311	600
16 	92    	344.63	311	622
17 	98    	333.05	311	489
18 	95    	343.52	311	544
19 	95    	336.12	311	515
20 	95    	340.55	311	526
21 	99    	349.48	311	509
22 	98    	342.77	311	548
23 	95    	340.56	311	527
24 	96    	353.88	311	542
25 	97    	341.2 	311	495
26 	96    	360.36	311	565
27 	93    	349.27	311	523
28 	94    	332.21	311	502
29 	99    	351.74	311	539
30 	96    	365.04	311	557
31 	96    	353.63	311	607
32 	96    	341.4 	311	580
33 	98    	342.19	311	570
34 	98    	342.54	311	502
35 	95    	352.32	311	566
36 	95    	345.99	311	609
37 	95    	338.41	311	509
38 	99    	347.16	311	567
39 	96    	341.97	311	515
40 	96    	343.08	311	552
41 	100   	341.36	311	509
42 	97    	355.89	311	570
43 	97    	356.67	311	553
44 	91    	349.66	311	508
45 	99    	340.6 	311	546
46 	94    	343.84	311	556
47 	98    	342.67	311	534
48 	95    	344.69	311	542
49 	96    	342.72	311	558
50 	89    	336.54	311	509
51 	100   	352.09	311	524
52 	95    	348.61	311	536
53 	94    	339.45	311	528
54 	94    	344.75	311	609
55 	98    	343.92	311	509
56 	95    	333.92	311	502
57 	91    	342.93	311	538
58 	96    	344.1 	311	649
59 	99    	347.38	311	548
60 	98    	341.81	311	598
61 	97    	346.71	311	503
62 	95    	342.49	311	578
63 	98    	338.52	311	509
64 	98    	338.19	311	547
65 	98    	345.39	311	570
66 	98    	336.85	311	510
67 	96    	338.87	311	502
68 	98    	350.17	311	585
69 	99    	346.11	311	545
70 	98    	340.25	311	528
71 	92    	333.42	311	519
72 	97    	357.2 	311	612
73 	96    	339.3 	311	530
74 	99    	345.49	311	529
75 	98    	341.44	311	509
76 	98    	341.8 	311	584
77 	95    	351.51	311	548
78 	96    	346.04	311	564
79 	94    	343.56	311	660
80 	94    	347.82	311	503
81 	95    	336.47	311	502
82 	97    	340.58	311	571
83 	93    	352.19	311	584
84 	98    	340.87	311	552
85 	94    	335.61	311	473
86 	99    	353.34	311	610
87 	90    	343.25	311	583
88 	96    	342.28	311	509
89 	95    	348.02	311	659
90 	97    	342.24	311	546
91 	98    	346.67	311	549
92 	94    	341.71	311	584
93 	98    	344.75	311	581
94 	96    	344.71	311	545
95 	95    	342.17	311	515
96 	99    	339.87	311	613
97 	98    	344.23	311	544
98 	95    	336.02	311	571
99 	95    	334.72	311	524
100	95    	356.83	311	507
-------------------- 15 ---------------------
log: gen	nevals	mean  	min	max
0  	100   	546.36	422	680
1  	93    	508.14	336	622
2  	95    	486.64	422	605
3  	97    	477.39	374	588
4  	96    	460.64	361	620
5  	98    	461.34	361	612
6  	98    	446.64	361	591
7  	97    	441.03	367	606
8  	94    	443.98	367	569
9  	99    	433.1 	336	578
10 	95    	425.47	336	549
11 	97    	416.83	311	571
12 	94    	398.71	311	568
13 	93    	401.3 	311	579
14 	99    	395.07	311	588
15 	99    	389.25	311	552
16 	94    	375.13	306	643
17 	94    	371.17	306	594
18 	97    	358.09	306	611
19 	94    	349.08	306	605
20 	94    	356.08	306	582
21 	96    	345.04	306	555
22 	95    	337.02	306	518
23 	97    	341.05	306	514
24 	97    	331.12	306	515
25 	97    	348.75	306	535
26 	96    	343.81	306	504
27 	95    	345.54	306	544
28 	97    	347.13	306	590
29 	95    	342.79	306	554
30 	95    	341.13	306	557
31 	99    	344.24	306	526
32 	98    	354.83	306	574
33 	91    	354.03	306	504
34 	98    	353.84	306	654
35 	97    	333.89	306	543
36 	98    	340.48	306	591
37 	97    	352.07	306	607
38 	98    	339.13	306	541
39 	94    	349   	306	626
40 	97    	335.55	306	543
41 	97    	342.3 	306	504
42 	90    	341.12	306	555
43 	97    	333.19	306	566
44 	95    	338.84	306	598
45 	97    	350.96	306	578
46 	97    	350.81	306	542
47 	99    	335.54	306	573
48 	98    	340.11	306	523
49 	96    	340.03	306	558
50 	95    	347.18	306	604
51 	96    	335.41	306	536
52 	95    	345.84	306	603
53 	97    	340.31	306	504
54 	95    	344.64	306	610
55 	98    	354.77	306	585
56 	97    	344.36	306	531
57 	96    	347.19	306	536
58 	95    	348.26	306	616
59 	99    	340.21	306	545
60 	98    	346.45	306	504
61 	92    	328.83	306	535
62 	97    	342.96	306	521
63 	97    	341.65	306	585
64 	93    	346.38	306	566
65 	95    	343.58	306	578
66 	91    	344.92	306	567
67 	96    	343.14	306	534
68 	96    	345.13	306	536
69 	94    	350.89	306	555
70 	98    	348.39	306	573
71 	97    	349.99	306	558
72 	92    	333.06	306	490
73 	97    	343.7 	306	581
74 	95    	348.26	306	574
75 	94    	347.78	306	504
76 	99    	345.44	306	551
77 	97    	330.71	306	533
78 	98    	325.9 	306	504
79 	97    	336.73	306	512
80 	97    	338.74	306	589
81 	96    	342.17	306	591
82 	100   	337.89	306	550
83 	97    	334.7 	306	521
84 	98    	340.53	306	529
85 	87    	340   	306	581
86 	96    	342.52	306	642
87 	99    	342.21	306	499
88 	91    	343.85	306	580
89 	99    	341.91	306	534
90 	98    	340.5 	306	501
91 	99    	340.82	306	508
92 	97    	347.95	306	568
93 	100   	341.02	306	543
94 	98    	341.75	306	555
95 	99    	336.2 	306	516
96 	96    	340.8 	306	526
97 	95    	346.25	306	616
98 	96    	342.46	306	568
99 	99    	343.43	306	568
100	96    	346.26	306	605
-------------------- 16 ---------------------
log: gen	nevals	mean  	min	max
0  	100   	541.18	380	655
1  	98    	501.58	357	658
2  	95    	481.59	371	623
3  	96    	466.36	330	574
4  	96    	463.54	375	585
5  	95    	458.13	345	627
6  	95    	451.19	345	574
7  	95    	444.48	324	612
8  	98    	432.66	324	585
9  	93    	421.87	324	613
10 	95    	391.79	324	546
11 	98    	369.83	324	571
12 	97    	363.68	324	562
13 	98    	371.3 	324	563
14 	100   	357.69	324	568
15 	96    	355.07	324	598
16 	95    	358.78	324	613
17 	95    	355.2 	324	540
18 	93    	351.24	324	523
19 	95    	356.6 	324	544
20 	94    	355.4 	324	586
21 	93    	351.52	324	508
22 	97    	347.56	324	494
23 	98    	352.84	324	530
24 	97    	352.11	324	593
25 	98    	354.14	324	542
26 	98    	356.01	324	551
27 	98    	354.02	324	510
28 	96    	351.66	324	536
29 	97    	364.81	324	512
30 	97    	356.44	324	504
31 	97    	354.08	324	658
32 	96    	354.76	324	516
33 	99    	368.58	324	579
34 	95    	347.61	324	563
35 	93    	353.16	324	526
36 	97    	346.01	324	530
37 	95    	362.65	324	526
38 	99    	357.98	324	569
39 	96    	365.55	324	563
40 	93    	364.87	324	625
41 	97    	357.6 	324	530
42 	95    	365.32	324	579
43 	94    	352.54	324	486
44 	92    	345.1 	324	537
45 	98    	361.54	324	513
46 	97    	353.45	324	568
47 	98    	355.78	324	625
48 	98    	364.14	324	575
49 	93    	363.11	324	615
50 	97    	365.98	324	523
51 	99    	362.08	324	541
52 	94    	363.76	324	529
53 	96    	351.87	324	504
54 	94    	350.89	324	501
55 	95    	357.3 	324	625
56 	98    	349.03	324	486
57 	98    	362.5 	324	563
58 	94    	362.04	324	552
59 	97    	367.4 	324	580
60 	97    	347.13	324	495
61 	97    	368.32	324	535
62 	96    	351.05	324	493
63 	94    	359.35	324	577
64 	96    	358.7 	324	543
65 	91    	366.47	324	626
66 	95    	351.48	324	593
67 	98    	351.14	324	496
68 	91    	365.7 	324	563
69 	95    	355.66	324	579
70 	96    	368.91	324	618
71 	92    	360.37	324	556
72 	97    	351.8 	324	565
73 	94    	351.44	324	588
74 	100   	356.6 	324	598
75 	92    	356.62	324	496
76 	98    	358.87	324	564
77 	99    	355.96	324	538
78 	95    	360.19	324	563
79 	93    	357.26	324	504
80 	96    	359.03	324	589
81 	96    	363.55	324	539
82 	99    	356.3 	324	508
83 	100   	358.39	324	497
84 	97    	350.88	324	496
85 	95    	356.14	324	547
86 	95    	352.01	324	507
87 	97    	348.44	324	516
88 	96    	353.06	324	611
89 	97    	356.51	324	580
90 	97    	350.6 	324	573
91 	99    	361.58	324	496
92 	97    	354.11	324	526
93 	96    	356.59	324	514
94 	90    	352.26	324	496
95 	96    	360.59	324	625
96 	94    	358.33	324	576
97 	95    	355.42	324	551
98 	98    	355.7 	324	536
99 	95    	359.25	324	512
100	95    	356.15	324	614
-------------------- 17 ---------------------
log: gen	nevals	mean  	min	max
0  	100   	542.14	418	639
1  	97    	514.52	384	656
2  	98    	493.9 	384	594
3  	99    	487.05	380	631
4  	91    	460.34	343	598
5  	98    	448.33	327	621
6  	92    	434.12	327	608
7  	97    	422.05	327	566
8  	98    	422.91	327	583
9  	97    	432.36	327	643
10 	98    	426.82	306	586
11 	93    	407.31	312	559
12 	99    	398.07	312	595
13 	100   	385.5 	312	563
14 	94    	366.85	306	589
15 	97    	348.72	306	529
16 	97    	343.57	306	504
17 	99    	357.13	306	610
18 	97    	358.23	306	553
19 	96    	368.9 	306	585
20 	97    	372.27	306	551
21 	96    	360.65	306	531
22 	95    	363.54	306	566
23 	96    	348   	306	575
24 	98    	337.75	306	504
25 	96    	334.82	306	536
26 	99    	352.41	306	607
27 	94    	344.97	306	633
28 	100   	339.67	306	594
29 	96    	348.58	306	537
30 	99    	342.81	306	527
31 	96    	346.14	306	554
32 	93    	348.82	306	574
33 	97    	346.08	306	557
34 	94    	333.66	306	533
35 	96    	349.63	306	580
36 	96    	344.05	306	568
37 	97    	340.74	306	558
38 	95    	334.11	306	497
39 	95    	346.71	306	504
40 	96    	342.65	306	523
41 	99    	336.45	306	497
42 	99    	336.46	306	563
43 	96    	323.96	306	461
44 	96    	347.64	306	603
45 	94    	353.37	306	604
46 	97    	343.22	306	537
47 	98    	339.78	306	633
48 	99    	338.05	306	504
49 	92    	334.06	306	504
50 	97    	335.65	306	505
51 	95    	348.31	306	603
52 	97    	349.91	306	525
53 	99    	338.62	306	497
54 	94    	348.69	306	620
55 	98    	348.16	306	571
56 	98    	350.42	306	554
57 	93    	349.89	306	558
58 	99    	347.67	306	610
59 	93    	340.65	306	501
60 	97    	339.24	306	620
61 	93    	347.59	306	543
62 	96    	352.93	306	555
63 	99    	343.26	306	519
64 	94    	338.1 	306	535
65 	97    	338.78	306	566
66 	95    	336.86	306	490
67 	98    	337.74	306	607
68 	94    	338.21	306	536
69 	97    	339.64	306	535
70 	97    	343.06	306	522
71 	96    	350.43	306	555
72 	95    	342.99	306	633
73 	98    	340.41	306	504
74 	97    	341.27	306	504
75 	96    	342.4 	306	529
76 	93    	345.42	306	537
77 	94    	343.05	306	513
78 	95    	349.29	306	504
79 	99    	337.38	306	545
80 	94    	345.89	306	620
81 	97    	344.05	306	613
82 	97    	342.42	306	620
83 	94    	345.36	306	574
84 	95    	332.68	306	612
85 	97    	333.14	306	508
86 	97    	340.21	306	543
87 	97    	334.3 	306	570
88 	95    	339.66	306	615
89 	97    	329.8 	306	563
90 	97    	333.84	306	510
91 	93    	334.9 	306	535
92 	99    	342.77	306	557
93 	98    	325.54	306	468
94 	96    	345.43	306	541
95 	93    	351.38	306	580
96 	98    	350.11	306	580
97 	94    	341.11	306	579
98 	93    	335.86	306	536
99 	95    	338.35	306	507
100	97    	336.42	306	512
-------------------- 18 ---------------------
log: gen	nevals	mean  	min	max
0  	100   	537.96	392	663
1  	94    	502.68	365	622
2  	94    	474.98	365	627
3  	97    	465.68	365	592
4  	90    	452.36	345	649
5  	96    	443.33	333	645
6  	96    	437.23	336	594
7  	95    	429.45	333	584
8  	94    	417.84	319	610
9  	93    	409.54	319	559
10 	97    	411.6 	319	601
11 	94    	400.63	306	567
12 	99    	377.59	306	536
13 	92    	360.84	306	528
14 	94    	353.67	306	572
15 	95    	344.75	306	510
16 	94    	337   	306	504
17 	96    	347.28	306	558
18 	94    	362.68	306	574
19 	95    	335.18	306	527
20 	93    	342.9 	306	540
21 	94    	351.41	306	534
22 	97    	351.19	306	580
23 	99    	333.09	306	497
24 	97    	338.44	306	525
25 	93    	342.99	306	497
26 	95    	333.69	306	504
27 	96    	355.7 	306	574
28 	96    	349.88	306	497
29 	95    	328.39	306	584
30 	96    	341.95	306	540
31 	95    	337.96	306	541
32 	99    	339.47	306	553
33 	97    	344.27	306	504
34 	95    	335.8 	306	510
35 	95    	338.94	306	522
36 	96    	337.53	306	529
37 	95    	345.62	306	659
38 	97    	345.58	306	555
39 	99    	344.26	306	592
40 	93    	340.36	306	580
41 	97    	334.11	306	507
42 	100   	343.05	306	648
43 	95    	340.17	306	579
44 	95    	340.03	306	572
45 	97    	335.68	306	504
46 	92    	339.35	306	564
47 	96    	338.05	306	574
48 	92    	340.7 	306	584
49 	99    	345.05	306	541
50 	95    	340.05	306	504
51 	97    	338.28	306	528
52 	95    	336.65	306	579
53 	95    	343.7 	306	560
54 	97    	342.97	306	538
55 	95    	349.68	306	571
56 	96    	344.5 	306	630
57 	90    	326.9 	306	504
58 	98    	334.44	306	567
59 	94    	340.94	306	525
60 	95    	343.78	306	549
61 	97    	341.27	306	516
62 	100   	348.89	306	607
63 	93    	342.92	306	516
64 	98    	342.72	306	549
65 	99    	340.95	306	594
66 	94    	345.66	306	593
67 	95    	343.48	306	659
68 	97    	341.57	306	553
69 	96    	335.58	306	532
70 	99    	345.57	306	568
71 	93    	343.64	306	512
72 	95    	341.51	306	633
73 	96    	346.5 	306	503
74 	96    	340.3 	306	554
75 	97    	342.7 	306	518
76 	93    	338.27	306	615
77 	98    	343.97	306	560
78 	92    	349.44	306	566
79 	94    	345.7 	306	597
80 	96    	348.47	306	541
81 	96    	348.97	306	497
82 	97    	344.4 	306	558
83 	97    	343.6 	306	534
84 	98    	343.08	306	591
85 	100   	350.16	306	570
86 	99    	344.27	306	555
87 	96    	335.23	306	612
88 	96    	354.21	306	589
89 	98    	337.96	306	514
90 	98    	340.86	306	528
91 	95    	337.05	306	557
92 	96    	334.01	306	508
93 	93    	346.54	306	554
94 	95    	346.25	306	568
95 	96    	357.41	306	620
96 	96    	350.79	306	565
97 	99    	337.72	306	525
98 	98    	337.74	306	543
99 	97    	346.84	306	567
100	99    	342.16	306	490
-------------------- 19 ---------------------
log: gen	nevals	mean  	min	max
0  	100   	543.06	436	671
1  	97    	515.57	415	634
2  	98    	494.8 	416	587
3  	96    	478.96	364	574
4  	96    	477.12	364	595
5  	100   	466.86	343	604
6  	97    	447.02	364	585
7  	94    	430.91	337	591
8  	97    	428.75	337	580
9  	94    	418.96	330	581
10 	98    	418.67	330	570
11 	95    	385.92	317	536
12 	95    	390.19	317	604
13 	97    	376.93	317	544
14 	99    	385.63	324	550
15 	96    	366.3 	324	511
16 	97    	373.86	324	604
17 	96    	380.89	324	554
18 	96    	362.72	324	541
19 	99    	351.97	324	527
20 	94    	351.16	324	498
21 	96    	345.33	324	496
22 	95    	359.07	324	561
23 	99    	355.4 	324	515
24 	97    	351.23	324	568
25 	100   	347.34	324	605
26 	97    	358.38	324	647
27 	97    	355.85	324	569
28 	97    	358.61	324	550
29 	95    	357.5 	324	534
30 	97    	361.09	324	593
31 	98    	355.83	324	511
32 	91    	352.66	324	518
33 	93    	349.92	324	609
34 	97    	363.7 	324	546
35 	98    	362.7 	324	566
36 	95    	360.54	324	552
37 	97    	354.66	324	527
38 	97    	354.65	324	611
39 	91    	354.42	324	500
40 	99    	365.54	324	632
41 	95    	361.36	324	558
42 	97    	360.01	324	634
43 	100   	352.32	324	522
44 	96    	365   	324	539
45 	95    	355.93	324	507
46 	96    	351.83	324	508
47 	94    	355.92	324	526
48 	95    	350.26	324	626
49 	96    	355.92	324	573
50 	94    	355.17	324	573
51 	93    	349.96	324	506
52 	96    	363.01	324	536
53 	93    	352.85	324	496
54 	95    	352.09	324	552
55 	95    	344.32	324	493
56 	99    	362.99	324	486
57 	97    	365.68	324	578
58 	95    	353.18	324	493
59 	94    	352.06	324	554
60 	95    	358.29	324	548
61 	98    	364.66	324	623
62 	96    	355.69	324	593
63 	92    	360.07	324	658
64 	94    	349.95	324	493
65 	92    	359.04	324	598
66 	96    	363.92	324	601
67 	99    	351.76	324	580
68 	94    	360.56	324	541
69 	98    	360.18	324	519
70 	97    	355.4 	324	496
71 	96    	364.55	324	569
72 	96    	355.44	324	577
73 	95    	357.87	324	569
74 	94    	360.78	324	565
75 	97    	356.11	324	558
76 	98    	355.9 	324	534
77 	96    	359.75	324	563
78 	99    	350.23	324	503
79 	97    	361.51	324	567
80 	92    	360.77	324	635
81 	96    	352.75	324	517
82 	95    	351.68	324	501
83 	99    	356.99	324	541
84 	94    	363.14	324	539
85 	94    	369.26	324	593
86 	97    	356.37	324	567
87 	96    	351.22	324	515
88 	93    	358.54	324	594
89 	96    	358.95	324	539
90 	94    	362.2 	324	611
91 	94    	354.07	324	525
92 	100   	354.16	324	514
93 	95    	362.61	324	625
94 	92    	355.64	324	569
95 	97    	357.9 	324	575
96 	94    	347.84	324	523
97 	90    	348.65	324	546
98 	94    	357.38	324	609
99 	98    	353.96	324	579
100	98    	354.22	324	501
-------------------- 20 ---------------------
log: gen	nevals	mean  	min	max
0  	100   	548.19	399	660
1  	99    	516.54	399	634
2  	99    	500.46	373	620
3  	98    	479.04	360	626
4  	98    	476.26	357	632
5  	94    	449.73	360	593
6  	96    	446.09	337	632
7  	97    	438.87	337	612
8  	97    	429.32	343	582
9  	98    	419.6 	337	630
10 	98    	411.76	323	603
11 	94    	401.37	323	552
12 	97    	403.68	323	562
13 	95    	392.82	323	554
14 	93    	388.08	312	584
15 	94    	377.24	312	557
16 	97    	376   	312	614
17 	96    	353.96	312	522
18 	95    	353.56	312	581
19 	97    	364.39	312	532
20 	98    	351.66	312	561
21 	97    	337.17	312	513
22 	99    	348.31	312	554
23 	95    	345.81	312	519
24 	93    	348.7 	312	564
25 	96    	344.48	312	510
26 	93    	348.13	312	578
27 	95    	349.46	312	571
28 	97    	354.71	312	536
29 	98    	340.67	312	520
30 	98    	346.73	312	627
31 	97    	351.23	312	562
32 	95    	350.07	312	621
33 	97    	351.38	312	620
34 	96    	344.92	312	578
35 	96    	343.8 	312	530
36 	98    	345.37	312	584
37 	99    	344.97	312	544
38 	96    	339.39	312	537
39 	98    	343.67	312	529
40 	96    	336.97	312	510
41 	96    	352.6 	312	510
42 	96    	342.06	312	541
43 	96    	342.12	312	568
44 	95    	350.95	312	524
45 	97    	339.68	312	543
46 	97    	363   	312	583
47 	93    	353.94	312	560
48 	95    	336.6 	312	585
49 	99    	338.17	312	509
50 	94    	346.29	312	564
51 	98    	348.32	312	503
52 	95    	353.73	312	570
53 	95    	362.29	312	557
54 	97    	351.56	312	578
55 	94    	341.91	312	510
56 	98    	343.53	312	553
57 	95    	342.64	312	541
58 	93    	338.45	312	552
59 	97    	351.89	312	578
60 	97    	351.43	312	594
61 	98    	354.53	312	576
62 	95    	344.31	312	520
63 	97    	341.83	312	524
64 	92    	346.64	312	541
65 	95    	341.57	312	636
66 	93    	339.01	312	540
67 	99    	354.59	312	548
68 	97    	351.66	312	532
69 	94    	346.06	312	583
70 	95    	338.7 	312	575
71 	99    	341.57	312	549
72 	98    	348.6 	312	564
73 	99    	353.37	312	578
74 	97    	337.34	312	546
75 	97    	355.85	312	570
76 	99    	360.89	312	565
77 	96    	343   	312	579
78 	92    	337.45	312	538
79 	96    	356.25	312	626
80 	93    	350.66	312	550
81 	96    	347.66	312	521
82 	95    	347.38	312	552
83 	95    	343.17	312	510
84 	99    	352.28	312	660
85 	96    	349.94	312	607
86 	94    	350.71	312	510
87 	94    	349.22	312	541
88 	95    	339.5 	312	594
89 	95    	347   	312	570
90 	97    	346.69	312	598
91 	94    	337.96	312	525
92 	96    	342.73	312	521
93 	97    	347.43	312	563
94 	92    	344.81	312	584
95 	99    	352.06	312	590
96 	95    	346.76	312	542
97 	99    	341.81	312	582
98 	95    	341.83	312	516
99 	97    	352.34	312	510
100	98    	341.97	312	546
-------------------- 21 ---------------------
log: gen	nevals	mean  	min	max
0  	100   	548.98	435	672
1  	93    	510.18	392	617
2  	96    	484.51	339	622
3  	98    	471.93	339	593
4  	92    	460.81	339	601
5  	94    	453.04	339	621
6  	98    	438.01	337	630
7  	99    	426.45	337	603
8  	94    	424.17	337	595
9  	93    	406.39	334	628
10 	99    	409.11	334	600
11 	95    	412.32	334	632
12 	96    	399.62	336	591
13 	99    	396.46	336	548
14 	99    	389.22	336	620
15 	99    	383.28	336	546
16 	96    	371.87	336	558
17 	93    	373.25	336	632
18 	98    	374.59	336	502
19 	94    	369.84	336	520
20 	95    	371.5 	336	611
21 	95    	353.8 	336	607
22 	93    	371.55	336	627
23 	97    	363.74	336	549
24 	92    	364.29	336	587
25 	98    	373.47	336	584
26 	96    	363.9 	336	594
27 	97    	363.09	336	563
28 	96    	370   	336	553
29 	96    	373.69	336	589
30 	93    	368.14	336	599
31 	96    	372.48	336	614
32 	94    	367.59	336	509
33 	95    	360.67	336	600
34 	93    	359.66	336	560
35 	93    	380.34	336	655
36 	96    	370.01	336	546
37 	96    	366.74	336	599
38 	93    	369.63	336	578
39 	97    	370.48	336	589
40 	92    	369.85	336	591
41 	97    	357.1 	336	559
42 	92    	365.72	336	593
43 	94    	361.49	336	576
44 	96    	368.98	336	565
45 	98    	358.17	336	498
46 	95    	376.75	336	523
47 	95    	370.26	336	520
48 	95    	366.94	336	585
49 	95    	366.31	336	525
50 	96    	363.88	336	556
51 	91    	364.08	336	502
52 	96    	372.54	336	564
53 	97    	377.64	336	584
54 	98    	366.6 	336	591
55 	96    	370.22	336	510
56 	97    	364.31	336	634
57 	96    	365.8 	336	565
58 	97    	369.25	336	599
59 	98    	375.98	336	604
60 	96    	369.84	336	592
61 	96    	365.33	336	626
62 	95    	363.75	336	655
63 	95    	361.85	336	502
64 	95    	364.8 	336	521
65 	94    	377.13	336	553
66 	95    	370.69	336	550
67 	95    	364.53	336	505
68 	94    	367.17	336	562
69 	97    	367.03	336	556
70 	97    	371.29	336	556
71 	98    	357.16	336	502
72 	96    	368.03	336	558
73 	93    	363.17	336	516
74 	96    	364.63	336	602
75 	98    	360.9 	336	608
76 	98    	376.97	336	502
77 	97    	364.01	336	540
78 	97    	368.33	336	602
79 	98    	371.57	336	558
80 	97    	363.64	336	555
81 	98    	371.14	336	564
82 	98    	380.84	336	508
83 	99    	358.82	336	556
84 	97    	373.58	336	578
85 	97    	365.97	336	549
86 	98    	365.23	336	581
87 	97    	360.31	336	502
88 	100   	364.58	336	503
89 	95    	370.06	336	541
90 	98    	372.27	336	585
91 	96    	372.85	336	578
92 	96    	370.69	336	584
93 	99    	375.17	336	655
94 	97    	372.57	336	585
95 	97    	366.45	336	540
96 	93    	366.96	336	544
97 	98    	369.36	336	553
98 	98    	370.64	336	584
99 	98    	365.01	336	634
100	91    	362.32	336	493
-------------------- 22 ---------------------
log: gen	nevals	mean  	min	max
0  	100   	543.99	426	656
1  	92    	513.77	437	647
2  	98    	498.48	407	636
3  	92    	481.25	376	580
4  	96    	478.62	376	625
5  	96    	475.87	387	638
6  	98    	464.29	357	571
7  	97    	451.26	338	596
8  	98    	452.07	348	609
9  	98    	438.89	366	563
10 	94    	439.82	323	573
11 	93    	436.6 	323	588
12 	99    	432.32	331	582
13 	94    	418.89	331	545
14 	99    	423.13	331	583
15 	96    	411.34	331	610
16 	93    	401.3 	331	543
17 	97    	405.49	331	617
18 	95    	391.7 	323	516
19 	98    	388.98	323	577
20 	98    	369.03	323	633
21 	93    	375.84	312	558
22 	98    	369.54	312	602
23 	96    	360.41	312	518
24 	97    	348.21	312	510
25 	93    	347.48	312	558
26 	98    	351.31	312	595
27 	98    	342.89	312	560
28 	96    	342.18	312	571
29 	92    	349.78	312	626
30 	89    	334.45	312	557
31 	99    	344.37	312	510
32 	99    	345.46	312	530
33 	96    	336.74	312	510
34 	94    	336.85	312	541
35 	99    	352.67	312	591
36 	93    	352.81	312	611
37 	99    	344.97	312	591
38 	94    	333.5 	312	486
39 	98    	342.55	312	534
40 	96    	352.6 	312	578
41 	97    	343.42	312	492
42 	95    	338.12	312	526
43 	94    	350.89	312	510
44 	95    	355.02	312	591
45 	97    	349   	312	621
46 	98    	339.7 	312	538
47 	98    	331.05	312	458
48 	98    	341.65	312	579
49 	92    	345.39	312	491
50 	96    	343.51	312	597
51 	97    	348.04	312	566
52 	99    	343.36	312	495
53 	96    	348   	312	554
54 	93    	342.73	312	503
55 	94    	335.61	312	608
56 	98    	347.81	312	533
57 	98    	344.47	312	510
58 	99    	343.84	312	536
59 	98    	352.48	312	585
60 	99    	349.57	312	535
61 	94    	342.86	312	585
62 	93    	340.9 	312	578
63 	99    	346.81	312	541
64 	94    	348.32	312	510
65 	94    	343.61	312	536
66 	96    	349.27	312	538
67 	99    	341.47	312	555
68 	99    	346.2 	312	572
69 	95    	334.29	312	515
70 	96    	338   	312	510
71 	96    	354.48	312	620
72 	92    	340.17	312	643
73 	98    	357.33	312	543
74 	92    	353.53	312	536
75 	98    	348.6 	312	576
76 	99    	342.41	312	510
77 	96    	337.44	312	529
78 	98    	341.27	312	510
79 	95    	348.02	312	517
80 	94    	331.9 	312	497
81 	97    	345.17	312	516
82 	95    	344.02	312	582
83 	99    	336.16	312	511
84 	96    	346.13	312	550
85 	90    	337.56	312	591
86 	96    	339.53	312	507
87 	98    	342.35	312	509
88 	96    	343.91	312	524
89 	94    	345.07	312	637
90 	92    	349.68	312	575
91 	98    	347.43	312	533
92 	98    	346.33	312	606
93 	95    	338.42	312	584
94 	98    	351.16	312	540
95 	95    	339.5 	312	557
96 	99    	343.82	312	621
97 	97    	340.94	312	530
98 	93    	346.55	312	521
99 	99    	339.21	312	525
100	97    	347.27	312	600
-------------------- 23 ---------------------
log: gen	nevals	mean  	min	max
0  	100   	545.17	408	639
1  	95    	507.96	403	639
2  	99    	490.2 	391	610
3  	97    	459.66	332	593
4  	96    	440.36	345	571
5  	95    	415.36	312	567
6  	97    	400.98	312	583
7  	99    	379.28	312	524
8  	93    	380.9 	312	530
9  	100   	384.94	312	601
10 	96    	342.68	312	551
11 	95    	354.69	312	571
12 	99    	354.76	312	613
13 	97    	355.21	312	569
14 	94    	350.13	312	554
15 	100   	359.94	312	581
16 	98    	350.58	312	542
17 	99    	341.54	312	526
18 	99    	341.46	312	526
19 	97    	360.96	312	578
20 	94    	356.12	312	565
21 	90    	357.14	312	578
22 	99    	356.09	312	546
23 	93    	359.99	312	584
24 	97    	347.76	312	575
25 	98    	354.75	312	538
26 	95    	338.33	312	513
27 	100   	348.55	312	510
28 	95    	352.06	312	639
29 	94    	336.5 	312	530
30 	97    	338.29	312	591
31 	93    	351.77	312	572
32 	95    	343.44	312	516
33 	97    	343.63	312	510
34 	95    	349.82	312	536
35 	94    	352.91	312	634
36 	93    	340.32	312	497
37 	92    	340.7 	312	506
38 	98    	337.88	312	542
39 	100   	344.96	312	521
40 	96    	337.95	312	503
41 	90    	349.95	312	538
42 	98    	343.33	312	549
43 	98    	344.22	312	576
44 	96    	357.83	312	601
45 	98    	349.63	312	598
46 	98    	351.17	312	572
47 	98    	352.75	312	578
48 	97    	344.35	312	510
49 	97    	358.57	312	583
50 	94    	347.5 	312	510
51 	96    	345   	312	534
52 	92    	339.74	312	503
53 	94    	336.83	312	529
54 	95    	346.65	312	510
55 	96    	352.6 	312	556
56 	99    	347.17	312	598
57 	97    	354.8 	312	543
58 	99    	348   	312	568
59 	93    	347.02	312	558
60 	98    	360.23	312	578
61 	99    	358.37	312	596
62 	97    	344.65	312	585
63 	97    	346.45	312	510
64 	97    	346.9 	312	571
65 	96    	352.86	312	547
66 	100   	345.05	312	576
67 	98    	338.34	312	496
68 	95    	340.13	312	660
69 	95    	343.78	312	552
70 	97    	354.23	312	518
71 	93    	343.22	312	559
72 	95    	355.83	312	543
73 	98    	361.63	312	542
74 	97    	351.04	312	585
75 	96    	355.95	312	615
76 	97    	351.24	312	585
77 	97    	340.16	312	538
78 	97    	348.07	312	510
79 	97    	351.51	312	585
80 	94    	341.31	312	538
81 	94    	348.68	312	570
82 	95    	354.27	312	660
83 	99    	348.84	312	519
84 	97    	350.71	312	563
85 	96    	356.15	312	524
86 	95    	348.07	312	510
87 	99    	355.58	312	525
88 	97    	343.64	312	510
89 	97    	349.89	312	583
90 	97    	351.46	312	620
91 	94    	339.86	312	563
92 	98    	341.07	312	503
93 	97    	357.33	312	526
94 	97    	344.13	312	529
95 	95    	350.66	312	546
96 	99    	345.8 	312	583
97 	94    	348.17	312	534
98 	98    	342.85	312	605
99 	97    	346.25	312	515
100	94    	343.36	312	525
-------------------- 24 ---------------------
log: gen	nevals	mean  	min	max
0  	100   	549.05	431	689
1  	97    	506.21	411	645
2  	92    	498.02	378	625
3  	98    	474.91	373	646
4  	96    	468.9 	356	605
5  	93    	456.39	371	566
6  	98    	440.06	350	630
7  	98    	435.91	332	652
8  	95    	425.6 	332	591
9  	99    	394.84	332	597
10 	94    	381.42	332	604
11 	99    	370.69	332	620
12 	97    	372.05	332	592
13 	98    	366.38	332	549
14 	94    	364.48	317	544
15 	98    	360.23	330	579
16 	97    	365.83	317	664
17 	93    	357.2 	317	502
18 	96    	359.28	317	537
19 	96    	361.6 	317	589
20 	98    	361.85	317	549
21 	93    	344.87	317	508
22 	97    	357.71	317	515
23 	94    	354.76	317	558
24 	92    	351.86	317	493
25 	97    	345.33	317	582
26 	95    	345.4 	317	566
27 	96    	346.1 	317	551
28 	97    	354.17	317	581
29 	98    	344.53	317	522
30 	96    	351.55	317	630
31 	96    	354.32	317	566
32 	97    	341.06	317	601
33 	97    	352.57	317	554
34 	93    	357.42	317	536
35 	94    	361.08	317	525
36 	91    	358.38	317	631
37 	96    	340.05	317	508
38 	98    	355.09	317	586
39 	97    	354.1 	317	547
40 	97    	350.19	317	570
41 	95    	347.78	317	544
42 	95    	353.67	317	577
43 	95    	349.24	317	508
44 	97    	351.52	317	582
45 	98    	359.09	317	555
46 	96    	351.89	317	508
47 	97    	353.99	317	517
48 	96    	347.76	317	579
49 	95    	345.93	317	508
50 	99    	337.32	317	515
51 	96    	347.74	317	610
52 	93    	345.69	317	515
53 	95    	346.35	317	580
54 	99    	342.53	317	527
55 	97    	344.12	317	510
56 	97    	348.03	317	677
57 	97    	349.75	317	520
58 	99    	353.25	317	509
59 	91    	343.28	317	495
60 	96    	349.32	317	607
61 	94    	355.71	317	639
62 	93    	363.58	317	547
63 	96    	357.25	317	531
64 	93    	342.75	317	530
65 	93    	354.41	317	566
66 	95    	365   	317	627
67 	97    	356.97	317	587
68 	94    	349.54	317	573
69 	93    	351.54	317	577
70 	93    	355.61	317	593
71 	96    	347.3 	317	535
72 	98    	352.73	317	618
73 	98    	343.14	317	501
74 	98    	344.5 	317	543
75 	95    	354.3 	317	545
76 	100   	353.72	317	508
77 	97    	347.43	317	552
78 	98    	353.26	317	598
79 	99    	348.16	317	549
80 	95    	355.23	317	595
81 	96    	349.14	317	536
82 	98    	355.71	317	517
83 	96    	369.21	317	670
84 	97    	358.7 	317	532
85 	94    	344.99	317	537
86 	98    	353.69	317	515
87 	99    	347.04	317	603
88 	96    	349.74	317	538
89 	93    	359.33	317	642
90 	99    	344.52	317	564
91 	95    	353.54	317	562
92 	95    	340.92	317	487
93 	98    	339.64	317	551
94 	96    	363.5 	317	533
95 	95    	349.64	317	569
96 	96    	352.73	317	594
97 	96    	355.68	317	555
98 	91    	348.41	317	520
99 	99    	353.93	317	571
100	96    	343.18	317	590
-------------------- 25 ---------------------
log: gen	nevals	mean  	min	max
0  	100   	547.67	393	652
1  	99    	502.8 	393	647
2  	98    	482.23	377	656
3  	97    	460.37	354	617
4  	91    	450.65	347	617
5  	95    	450   	345	619
6  	95    	446.92	345	590
7  	97    	441.75	358	570
8  	97    	423.51	337	552
9  	99    	409.38	332	540
10 	96    	422.87	332	594
11 	95    	410.08	312	570
12 	93    	403.85	328	615
13 	93    	401.65	332	575
14 	92    	395.4 	332	542
15 	92    	395.19	312	591
16 	97    	383.37	312	583
17 	97    	369.15	312	538
18 	94    	359.76	312	512
19 	93    	363.56	312	536
20 	98    	367.05	312	571
21 	98    	346.29	312	578
22 	95    	340.59	312	571
23 	98    	353.59	312	626
24 	99    	348.25	312	613
25 	99    	363.01	312	523
26 	96    	351.24	312	626
27 	96    	342.38	312	626
28 	93    	345.37	312	557
29 	95    	355.04	312	519
30 	96    	351.86	312	510
31 	98    	344.27	312	509
32 	92    	360.97	312	593
33 	97    	334.96	312	627
34 	99    	349.62	312	510
35 	94    	347.26	312	510
36 	96    	344.73	312	510
37 	95    	343.04	312	501
38 	96    	346.81	312	548
39 	97    	343.77	312	634
40 	95    	343.73	312	510
41 	96    	355.66	312	628
42 	93    	356.52	312	643
43 	94    	336.31	312	517
44 	95    	349.14	312	578
45 	97    	338.72	312	510
46 	97    	349.57	312	595
47 	96    	346.07	312	544
48 	98    	345.95	312	513
49 	92    	358.19	312	611
50 	99    	348.14	312	538
51 	91    	344.34	312	510
52 	94    	348.01	312	571
53 	95    	348.22	312	536
54 	98    	361.14	312	627
55 	92    	358.28	312	540
56 	94    	353.01	312	556
57 	97    	341.73	312	526
58 	95    	350.67	312	570
59 	99    	339.63	312	589
60 	99    	344.06	312	536
61 	100   	339.2 	312	611
62 	95    	344.45	312	561
63 	94    	352.62	312	526
64 	92    	346.16	312	589
65 	92    	350.04	312	563
66 	96    	345.98	312	545
67 	96    	338.04	312	503
68 	96    	335.96	312	529
69 	98    	350.19	312	660
70 	91    	346.45	312	582
71 	100   	349.3 	312	546
72 	94    	346.12	312	578
73 	98    	344.79	312	508
74 	95    	345.41	312	518
75 	94    	358.73	312	510
76 	96    	351.28	312	587
77 	94    	345.57	312	613
78 	98    	343.25	312	483
79 	99    	346.25	312	545
80 	97    	346.2 	312	543
81 	97    	343.4 	312	591
82 	96    	351.43	312	607
83 	98    	346.86	312	573
84 	94    	344.97	312	517
85 	96    	345.77	312	497
86 	94    	352.41	312	553
87 	96    	345.2 	312	608
88 	92    	343.27	312	513
89 	96    	345.57	312	613
90 	95    	343.67	312	637
91 	98    	343.61	312	535
92 	98    	351.29	312	554
93 	97    	344.96	312	508
94 	96    	351   	312	573
95 	95    	343.3 	312	514
96 	98    	343.44	312	550
97 	98    	341.7 	312	549
98 	97    	356.2 	312	626
99 	98    	356.35	312	581
100	95    	348.72	312	531
-------------------- 26 ---------------------
log: gen	nevals	mean  	min	max
0  	100   	550.67	435	647
1  	96    	506.67	401	633
2  	96    	484.43	327	620
3  	97    	486.54	368	607
4  	96    	472.85	368	637
5  	97    	463.49	357	578
6  	98    	442.37	357	668
7  	97    	449.15	357	584
8  	96    	445.16	353	580
9  	97    	431.88	343	611
10 	90    	423.47	350	581
11 	100   	418.76	331	595
12 	96    	422.74	334	633
13 	95    	406.17	312	597
14 	98    	424.26	312	635
15 	97    	410.62	312	577
16 	100   	415.63	312	600
17 	96    	403.95	312	564
18 	95    	394.47	312	632
19 	96    	390.26	312	622
20 	99    	395.58	312	560
21 	96    	374.57	312	587
22 	94    	362.39	312	546
23 	97    	340.09	312	607
24 	96    	353.87	312	609
25 	99    	345.71	312	535
26 	95    	342.94	312	546
27 	92    	350.08	312	581
28 	96    	355.68	312	613
29 	97    	344.18	312	538
30 	99    	352.08	312	604
31 	93    	349.11	312	574
32 	97    	346.19	312	611
33 	97    	353.76	312	581
34 	93    	349.18	312	620
35 	93    	341.22	312	522
36 	97    	346.22	312	563
37 	94    	344.88	312	563
38 	98    	346   	312	583
39 	94    	360.46	312	576
40 	94    	369.35	312	526
41 	99    	340.7 	312	539
42 	96    	343.56	312	557
43 	99    	338.18	312	510
44 	98    	343.84	312	525
45 	96    	351.28	312	581
46 	94    	335.06	312	510
47 	94    	349.88	312	546
48 	98    	348.32	312	576
49 	95    	339.52	312	549
50 	97    	346.4 	312	550
51 	95    	346.57	312	613
52 	97    	345.46	312	516
53 	99    	353.78	312	584
54 	97    	344.97	312	538
55 	96    	350.8 	312	598
56 	97    	349.16	312	542
57 	95    	343.44	312	583
58 	97    	350.94	312	602
59 	93    	358.87	312	580
60 	96    	347.28	312	552
61 	98    	344.88	312	510
62 	95    	338   	312	517
63 	94    	353.09	312	514
64 	93    	342.87	312	513
65 	97    	344.16	312	585
66 	93    	338.12	312	613
67 	96    	352.82	312	510
68 	96    	353.59	312	510
69 	96    	340.65	312	481
70 	96    	341.46	312	555
71 	99    	347.07	312	648
72 	99    	341.72	312	613
73 	94    	360.62	312	581
74 	96    	349.17	312	503
75 	93    	344.57	312	510
76 	98    	339.74	312	510
77 	97    	335.97	312	481
78 	96    	337.09	312	518
79 	95    	355.13	312	501
80 	95    	343.97	312	490
81 	93    	347.77	312	520
82 	96    	348.45	312	503
83 	99    	348.61	312	554
84 	95    	345.91	312	571
85 	96    	339.43	312	529
86 	97    	354.36	312	580
87 	93    	347.36	312	634
88 	99    	350.82	312	616
89 	95    	355.09	312	533
90 	98    	347.93	312	578
91 	99    	342   	312	576
92 	97    	360.72	312	601
93 	97    	351.56	312	591
94 	96    	349.86	312	585
95 	94    	341.61	312	591
96 	93    	343.02	312	510
97 	96    	348.56	312	554
98 	97    	342.95	312	500
99 	97    	332.72	312	472
100	96    	340.79	312	571
-------------------- 27 ---------------------
log: gen	nevals	mean  	min	max
0  	100   	556.92	434	679
1  	97    	514.79	405	636
2  	92    	502.58	386	649
3  	94    	495.35	378	598
4  	96    	467.1 	390	593
5  	98    	476.08	396	612
6  	95    	463.79	382	585
7  	92    	463.13	369	624
8  	100   	453.58	364	611
9  	96    	457.24	364	645
10 	99    	459.49	340	610
11 	98    	435.19	343	614
12 	94    	439.5 	359	564
13 	97    	438.53	345	585
14 	98    	430.58	345	628
15 	95    	431.77	343	614
16 	97    	418.1 	339	556
17 	91    	410.06	327	576
18 	95    	406.35	327	598
19 	99    	407.9 	311	590
20 	96    	406.6 	311	597
21 	94    	408.93	311	636
22 	97    	397.35	311	557
23 	97    	385.55	311	630
24 	97    	367.83	311	534
25 	97    	344.29	311	532
26 	100   	348.34	311	621
27 	95    	347.44	311	577
28 	90    	343.94	311	509
29 	97    	353.6 	311	563
30 	98    	349.62	311	580
31 	95    	352.1 	311	538
32 	94    	346.83	311	560
33 	96    	333.55	311	500
34 	99    	355.31	311	606
35 	91    	341.24	311	600
36 	99    	345.54	311	564
37 	97    	345.75	311	552
38 	93    	342.38	311	528
39 	97    	340.87	311	540
40 	95    	347.17	311	607
41 	96    	343.81	311	580
42 	95    	351.14	311	541
43 	99    	352.09	311	558
44 	96    	347.34	311	527
45 	95    	343.48	311	597
46 	99    	350.3 	311	502
47 	96    	342.23	311	561
48 	98    	347.72	311	582
49 	95    	349.38	311	594
50 	100   	345.87	311	571
51 	90    	339.4 	311	535
52 	95    	342.48	311	577
53 	99    	342.39	311	600
54 	91    	339.69	311	571
55 	96    	357.5 	311	509
56 	93    	353.13	311	557
57 	97    	351.7 	311	607
58 	93    	336.2 	311	491
59 	97    	336   	311	509
60 	95    	346.82	311	503
61 	98    	351.54	311	612
62 	97    	339.11	311	502
63 	97    	335.61	311	571
64 	96    	338.46	311	548
65 	99    	342.66	311	607
66 	96    	348.39	311	562
67 	93    	338.82	311	494
68 	99    	342.27	311	554
69 	97    	340.82	311	601
70 	97    	337.45	311	600
71 	99    	349.82	311	589
72 	97    	343.08	311	566
73 	97    	346.52	311	613
74 	99    	352.02	311	571
75 	96    	333.08	311	515
76 	94    	342.61	311	548
77 	97    	352.94	311	512
78 	92    	353.36	311	513
79 	94    	356.97	311	642
80 	99    	354.64	311	566
81 	98    	359.38	311	530
82 	97    	350.88	311	565
83 	97    	344.15	311	552
84 	97    	346.42	311	584
85 	92    	350.91	311	564
86 	92    	341.77	311	536
87 	96    	344.42	311	509
88 	98    	341.43	311	539
89 	97    	351.96	311	532
90 	93    	348.75	311	579
91 	95    	348.63	311	551
92 	96    	342.44	311	519
93 	93    	341.25	311	579
94 	95    	346.97	311	520
95 	96    	344.82	311	546
96 	93    	354.96	311	575
97 	92    	342.76	311	572
98 	99    	349.98	311	597
99 	96    	338.64	311	519
100	93    	339.23	311	489
-------------------- 28 ---------------------
log: gen	nevals	mean  	min	max
0  	100   	549.26	428	675
1  	97    	509.01	375	650
2  	96    	490.47	363	639
3  	95    	468.49	383	605
4  	98    	465.26	368	605
5  	99    	466.83	368	624
6  	96    	448.33	368	569
7  	94    	442.45	368	578
8  	98    	429.48	368	551
9  	96    	424.69	348	548
10 	98    	423.8 	348	522
11 	98    	429.9 	335	598
12 	99    	427.19	348	631
13 	99    	414.47	335	614
14 	99    	402.55	335	548
15 	99    	391.17	324	541
16 	98    	397.25	324	620
17 	99    	387.42	324	556
18 	97    	376.9 	324	614
19 	95    	367.81	324	536
20 	95    	356.79	324	567
21 	92    	356.37	324	528
22 	100   	355.56	324	541
23 	96    	355.72	324	586
24 	96    	365.45	324	526
25 	91    	347.63	324	602
26 	99    	355.55	324	544
27 	96    	351.32	324	510
28 	96    	347.9 	324	486
29 	95    	355.84	324	571
30 	95    	354.5 	324	507
31 	96    	353.08	324	527
32 	98    	354.15	324	585
33 	97    	355.21	324	509
34 	96    	368.48	324	502
35 	98    	354.38	324	509
36 	94    	346.93	324	527
37 	98    	350.08	324	546
38 	96    	350.02	324	581
39 	99    	356.78	324	515
40 	100   	359.82	324	601
41 	94    	356.16	324	519
42 	97    	362.48	324	570
43 	94    	348   	324	515
44 	98    	356.06	324	626
45 	95    	360.34	324	651
46 	97    	350.22	324	600
47 	96    	350.32	324	493
48 	93    	356.99	324	502
49 	97    	356.85	324	496
50 	98    	344.22	324	573
51 	99    	360.13	324	633
52 	93    	360.59	324	562
53 	98    	353.55	324	509
54 	96    	350.74	324	519
55 	91    	354.48	324	493
56 	93    	354   	324	580
57 	94    	356.29	324	496
58 	98    	351.94	324	526
59 	93    	354.67	324	555
60 	97    	356.1 	324	613
61 	98    	362.82	324	588
62 	94    	351.95	324	561
63 	94    	350.24	324	496
64 	97    	355.2 	324	584
65 	97    	358.24	324	537
66 	96    	348.04	324	611
67 	98    	368.29	324	591
68 	94    	362.37	324	585
69 	98    	357.55	324	496
70 	90    	347.67	324	626
71 	95    	355.99	324	594
72 	95    	355.91	324	550
73 	95    	358.95	324	593
74 	98    	346.73	324	566
75 	98    	355.9 	324	569
76 	97    	351   	324	560
77 	99    	357.1 	324	568
78 	95    	358.47	324	524
79 	96    	355.17	324	559
80 	94    	367.18	324	551
81 	94    	364.35	324	557
82 	94    	357.68	324	573
83 	97    	356.92	324	542
84 	96    	351.96	324	625
85 	96    	353.39	324	494
86 	99    	363.51	324	635
87 	96    	347.96	324	502
88 	98    	355.44	324	594
89 	99    	360.32	324	590
90 	96    	356.53	324	592
91 	91    	350.79	324	506
92 	96    	351.03	324	610
93 	99    	360.2 	324	597
94 	94    	354.02	324	517
95 	91    	357.8 	324	554
96 	93    	349.37	324	546
97 	94    	361.4 	324	622
98 	92    	359.42	324	520
99 	95    	354.77	324	510
100	98    	356.16	324	520
-------------------- 29 ---------------------
log: gen	nevals	mean  	min	max
0  	100   	548   	404	670
1  	96    	513.76	405	611
2  	97    	494.71	414	604
3  	98    	486.51	376	590
4  	100   	462.09	324	613
5  	95    	460.3 	324	647
6  	96    	441.85	324	578
7  	98    	431.62	324	579
8  	96    	427   	324	598
9  	96    	412.88	324	626
10 	98    	396.5 	317	593
11 	96    	385.31	311	644
12 	95    	380.11	311	502
13 	96    	369.39	311	554
14 	99    	381.86	311	576
15 	95    	372.66	311	564
16 	95    	378.65	311	643
17 	97    	389.62	311	612
18 	96    	375.81	311	553
19 	99    	377.56	311	558
20 	97    	378.51	311	648
21 	95    	363.47	311	606
22 	94    	369.93	311	631
23 	98    	347.09	311	533
24 	98    	343.73	311	579
25 	97    	336.76	311	509
26 	95    	336.01	311	516
27 	99    	340.55	311	543
28 	97    	345.89	311	548
29 	96    	343.54	311	561
30 	97    	352.09	311	540
31 	94    	338.15	311	564
32 	98    	348.75	311	558
33 	96    	355.04	311	556
34 	92    	349.3 	311	587
35 	97    	361.54	311	585
36 	97    	343.85	311	508
37 	98    	351.42	311	550
38 	92    	352.56	311	568
39 	96    	344.88	311	528
40 	95    	356.54	311	542
41 	96    	349.47	311	535
42 	98    	354.92	311	612
43 	94    	348.76	311	539
44 	95    	337.46	311	510
45 	97    	342.02	311	568
46 	94    	344.91	311	567
47 	94    	347.88	311	539
48 	95    	335.29	311	495
49 	94    	351.65	311	645
50 	92    	350.15	311	556
51 	96    	342.99	311	519
52 	97    	342.57	311	523
53 	95    	346   	311	598
54 	96    	346.59	311	564
55 	93    	338.79	311	509
56 	92    	345.04	311	548
57 	94    	342.97	311	583
58 	95    	356.75	311	568
59 	97    	340.43	311	659
60 	94    	345.29	311	551
61 	96    	348.76	311	504
62 	92    	342.98	311	512
63 	96    	340.32	311	613
64 	98    	347.05	311	545
65 	96    	354.31	311	585
66 	95    	344.04	311	552
67 	96    	335.56	311	505
68 	97    	340.93	311	540
69 	96    	345.68	311	523
70 	98    	344.45	311	502
71 	92    	350.02	311	609
72 	99    	348.79	311	603
73 	98    	339.96	311	509
74 	100   	355   	311	542
75 	97    	346.91	311	556
76 	100   	339.37	311	522
77 	98    	343.1 	311	561
78 	94    	338   	311	502
79 	92    	338.5 	311	471
80 	94    	346.16	311	545
81 	96    	350.67	311	559
82 	93    	345.44	311	538
83 	92    	338.25	311	571
84 	95    	342.95	311	524
85 	97    	360.8 	311	654
86 	97    	344.88	311	565
87 	95    	351.68	311	553
88 	95    	344.67	311	527
89 	98    	353.51	311	553
90 	98    	346.44	311	570
91 	97    	347.55	311	509
92 	96    	341.45	311	529
93 	96    	329.94	311	556
94 	99    	361.59	311	580
95 	97    	365.28	311	563
96 	93    	348.9 	311	545
97 	98    	356.19	311	579
98 	94    	349.27	311	578
99 	96    	335.09	311	538
100	97    	339.94	311	539
-------------------- 30 ---------------------
log: gen	nevals	mean  	min	max
0  	100   	549.53	465	631
1  	96    	520.13	416	626
2  	95    	489.04	362	618
3  	99    	479.04	362	601
4  	97    	467.56	362	622
5  	97    	455.51	362	601
6  	97    	440.04	317	616
7  	93    	427.55	317	589
8  	97    	433.4 	334	577
9  	97    	436.7 	334	657
10 	98    	437.02	334	613
11 	99    	422.86	334	625
12 	95    	405.75	317	593
13 	92    	384.69	306	586
14 	95    	370.91	306	595
15 	99    	378.36	306	564
16 	91    	374.39	306	632
17 	98    	346.7 	306	556
18 	98    	346.54	306	532
19 	92    	343.96	306	584
20 	98    	342.73	306	604
21 	96    	327.51	306	514
22 	97    	344.62	306	584
23 	96    	331.68	306	535
24 	95    	353.52	306	570
25 	100   	356.35	306	550
26 	96    	339.23	306	543
27 	96    	338.64	306	533
28 	95    	344.23	306	525
29 	95    	332.89	306	527
30 	96    	348.33	306	583
31 	97    	348.7 	306	504
32 	98    	341.35	306	574
33 	97    	348.57	306	577
34 	98    	341.15	306	572
35 	97    	335.39	306	511
36 	96    	333.95	306	603
37 	95    	345.74	306	579
38 	98    	338.8 	306	502
39 	95    	338.08	306	604
40 	97    	340.45	306	581
41 	99    	351.35	306	510
42 	98    	345.03	306	574
43 	96    	336.7 	306	557
44 	99    	339.54	306	520
45 	96    	336.9 	306	536
46 	97    	341.54	306	545
47 	99    	343.69	306	504
48 	94    	347.09	306	519
49 	94    	349.07	306	560
50 	97    	335.93	306	604
51 	96    	333.48	306	492
52 	97    	345.12	306	521
53 	96    	346.62	306	589
54 	98    	347.53	306	538
55 	98    	335.29	306	491
56 	94    	335.21	306	504
57 	95    	337.45	306	536
58 	98    	347.74	306	492
59 	98    	345.53	306	597
60 	93    	337.46	306	509
61 	96    	343.54	306	527
62 	97    	338.49	306	538
63 	97    	340.81	306	553
64 	98    	348.86	306	608
65 	95    	338.49	306	557
66 	96    	338.84	306	532
67 	96    	354.33	306	512
68 	92    	349.17	306	563
69 	94    	344.53	306	580
70 	98    	343.57	306	525
71 	97    	339.37	306	566
72 	95    	348.53	306	586
73 	94    	339.3 	306	558
74 	98    	330.87	306	497
75 	96    	339.61	306	495
76 	97    	339.67	306	554
77 	93    	341.87	306	535
78 	91    	351.23	306	597
79 	96    	332.26	306	543
80 	99    	341.47	306	561
81 	96    	337.48	306	572
82 	95    	338.46	306	536
83 	94    	344.1 	306	518
84 	98    	342.69	306	564
85 	98    	343.06	306	535
86 	98    	342.3 	306	504
87 	93    	339.93	306	512
88 	98    	349.34	306	636
89 	97    	346.15	306	564
90 	96    	339.28	306	544
91 	96    	340.56	306	533
92 	96    	339.9 	306	558
93 	94    	340.33	306	490
94 	97    	347.87	306	535
95 	97    	339.19	306	633
96 	96    	345.46	306	588
97 	98    	350.46	306	637
98 	97    	333.99	306	504
99 	96    	346.44	306	604
100	100   	333.63	306	557
