----------- single_objective_10Cent_50 -----------
-------------------- 1 ---------------------
log: gen	nevals	mean  	min	max
0  	100   	546.01	450	671
1  	93    	523.71	401	631
2  	90    	501.89	362	640
3  	93    	484.53	362	633
4  	97    	460.86	345	587
5  	88    	446.22	362	575
6  	80    	427.85	345	598
7  	91    	413.43	339	589
8  	89    	389.5 	311	581
9  	92    	390.25	311	619
10 	92    	370.23	311	525
11 	86    	356.03	311	548
12 	94    	356.35	311	551
13 	90    	345.52	311	489
14 	91    	344.08	311	641
15 	92    	345.91	311	513
16 	91    	340.87	311	556
17 	89    	338.38	311	618
18 	92    	334.03	311	535
19 	92    	335.75	311	570
20 	87    	334.43	311	612
21 	90    	336.71	311	526
22 	90    	341.5 	311	612
23 	92    	340.83	311	580
24 	89    	331.57	311	613
25 	91    	335.64	311	548
26 	93    	344.28	311	641
27 	90    	336.08	311	495
28 	80    	342.21	311	558
29 	82    	339.75	311	570
30 	81    	339.23	311	504
31 	91    	343.52	311	509
32 	84    	340.1 	311	600
33 	88    	339.56	311	614
34 	89    	334.12	311	509
35 	93    	343.66	311	512
36 	94    	344   	311	594
37 	87    	337.42	311	544
38 	92    	338.71	311	499
39 	89    	338.99	311	543
40 	92    	342.87	311	566
41 	97    	331.6 	311	495
42 	89    	344.38	311	578
43 	90    	332.92	311	477
44 	92    	338.98	311	558
45 	91    	342.21	311	534
46 	93    	345   	311	540
47 	95    	345.97	311	585
48 	87    	340.12	311	525
49 	89    	348.39	311	570
50 	97    	344.37	311	613
51 	94    	340.37	311	551
52 	89    	344.8 	311	623
53 	97    	340.8 	311	509
54 	91    	335.48	311	564
55 	87    	338.77	311	578
56 	94    	354.2 	311	583
57 	90    	346.19	311	509
58 	89    	338.04	311	617
59 	85    	343.19	311	520
60 	91    	345.14	311	558
61 	92    	342.21	311	585
62 	89    	330.33	311	542
63 	91    	340.35	311	537
64 	92    	350.79	311	529
65 	94    	346.66	311	587
66 	87    	330.74	311	509
67 	85    	331.6 	311	526
68 	91    	336.53	311	552
69 	92    	333.53	311	538
70 	90    	336.77	311	509
71 	92    	347.14	311	523
72 	94    	341.56	311	550
73 	91    	346.65	311	602
74 	96    	339.11	311	514
75 	92    	325.86	311	585
76 	95    	342.63	311	548
77 	87    	350.75	311	612
78 	95    	346.52	311	543
79 	94    	341.6 	311	585
80 	93    	338.23	311	560
81 	92    	332.77	311	488
82 	94    	336.08	311	520
83 	83    	336.79	311	489
84 	92    	335.72	311	535
85 	90    	349.65	311	550
86 	91    	345.04	311	570
87 	92    	345.1 	311	588
88 	90    	336.8 	311	498
89 	91    	330.66	311	496
90 	90    	338.71	311	535
91 	95    	341.14	311	590
92 	96    	345.99	311	527
93 	99    	343.83	311	545
94 	86    	343.88	311	512
95 	86    	342.52	311	565
96 	90    	342.74	311	585
97 	96    	345.8 	311	580
98 	89    	340.11	311	515
99 	92    	349.71	311	547
100	87    	335.02	311	545
-------------------- 2 ---------------------
log: gen	nevals	mean  	min	max
0  	100   	552.08	422	653
1  	91    	506.42	356	664
2  	94    	477.25	356	668
3  	90    	471.82	356	624
4  	91    	454.83	356	580
5  	91    	442.48	356	587
6  	94    	451.01	356	631
7  	96    	439.98	332	629
8  	97    	438.21	354	604
9  	89    	429.82	352	571
10 	88    	418.38	352	606
11 	95    	410.79	350	536
12 	90    	410.53	340	596
13 	93    	402.85	340	618
14 	92    	404.68	340	595
15 	92    	391.57	340	536
16 	92    	388.6 	340	617
17 	93    	379.65	340	567
18 	92    	363.1 	327	520
19 	87    	370.01	327	536
20 	90    	365.34	327	527
21 	91    	366.06	327	502
22 	89    	355.8 	327	536
23 	91    	358.99	327	513
24 	86    	356.97	327	515
25 	89    	351.15	327	612
26 	90    	352.98	327	590
27 	92    	353.56	327	577
28 	90    	357.03	327	633
29 	91    	359.49	327	613
30 	87    	344.37	327	492
31 	92    	346.95	327	524
32 	90    	356.84	327	539
33 	95    	351.37	327	541
34 	84    	348.38	327	542
35 	93    	355.5 	327	540
36 	93    	360.56	327	526
37 	92    	350.85	327	499
38 	90    	357.58	327	567
39 	92    	347.26	327	510
40 	90    	346.9 	327	553
41 	91    	349.7 	327	505
42 	94    	359.44	327	567
43 	91    	357.37	327	550
44 	88    	364.35	327	531
45 	96    	358.74	327	507
46 	92    	347.64	327	517
47 	89    	348.77	327	554
48 	88    	352.85	327	560
49 	91    	348.35	327	521
50 	92    	351.77	327	508
51 	87    	350.51	327	496
52 	92    	359.71	327	569
53 	88    	349.78	327	560
54 	87    	355.04	327	546
55 	95    	363.75	327	580
56 	95    	358.17	327	555
57 	92    	361.39	327	573
58 	92    	354.89	327	612
59 	97    	356.01	327	525
60 	95    	363.62	327	496
61 	88    	351.26	327	533
62 	97    	352.13	324	496
63 	89    	346   	324	486
64 	94    	357.85	324	595
65 	96    	357.91	324	596
66 	91    	350.42	324	502
67 	95    	354.47	324	505
68 	94    	353.58	324	518
69 	96    	354.34	324	605
70 	90    	351.23	324	509
71 	83    	350.7 	324	489
72 	94    	348.78	324	520
73 	87    	359.47	324	613
74 	95    	353.12	324	565
75 	83    	354.27	324	658
76 	88    	353.57	324	633
77 	88    	349.97	324	519
78 	92    	364.42	324	632
79 	96    	343.73	324	493
80 	90    	348.21	324	565
81 	95    	350.31	324	552
82 	93    	352.94	324	561
83 	89    	363.17	324	534
84 	93    	353.23	324	583
85 	91    	350.27	324	499
86 	92    	365.55	324	544
87 	94    	354.88	324	560
88 	97    	355.44	324	560
89 	92    	349.52	324	499
90 	92    	357.48	324	545
91 	83    	352.6 	324	541
92 	88    	356.35	324	569
93 	88    	356.96	324	537
94 	86    	356.32	324	571
95 	83    	345.1 	324	486
96 	90    	352.51	324	559
97 	91    	343.94	324	508
98 	87    	362.62	324	633
99 	87    	350.12	324	596
100	88    	348.84	324	500
-------------------- 3 ---------------------
log: gen	nevals	mean  	min	max
0  	100   	546.8 	380	654
1  	88    	506.05	380	628
2  	94    	482.11	380	619
3  	93    	476.99	380	653
4  	93    	453.02	375	568
5  	94    	450.94	356	591
6  	97    	446.65	350	646
7  	83    	434   	361	619
8  	91    	429.75	345	578
9  	93    	428.45	345	583
10 	95    	425.08	317	624
11 	83    	418.01	317	600
12 	96    	422.61	332	619
13 	86    	408.78	332	555
14 	88    	398.8 	311	574
15 	87    	398.83	311	573
16 	92    	393.14	311	536
17 	91    	383.84	311	562
18 	91    	377.93	311	554
19 	93    	359.5 	311	539
20 	88    	359   	311	560
21 	95    	336.25	311	489
22 	91    	341.65	311	528
23 	86    	341.49	311	600
24 	88    	343.51	311	509
25 	91    	343.58	311	590
26 	91    	338.59	311	508
27 	93    	333.83	311	548
28 	93    	346.91	311	509
29 	89    	338.4 	311	594
30 	94    	337.23	311	512
31 	88    	332.6 	311	561
32 	94    	349.24	311	509
33 	95    	330.68	311	509
34 	86    	339.75	311	556
35 	88    	340.63	311	585
36 	92    	344.13	311	618
37 	93    	332.21	311	531
38 	91    	339.29	311	571
39 	91    	342.82	311	567
40 	86    	343.75	311	584
41 	90    	344.18	311	549
42 	91    	342.27	311	607
43 	86    	340.69	311	522
44 	93    	342.65	311	587
45 	88    	338.98	311	509
46 	85    	341.7 	311	509
47 	91    	340.36	311	583
48 	90    	339.67	311	607
49 	86    	336.65	311	525
50 	87    	339.22	311	573
51 	92    	337.07	311	502
52 	94    	353.52	311	572
53 	93    	352.73	311	564
54 	88    	339.01	311	535
55 	90    	352.63	311	566
56 	86    	338.48	311	485
57 	90    	342.93	311	581
58 	95    	340.84	311	502
59 	92    	340.09	311	547
60 	93    	342.69	311	568
61 	95    	345.59	311	597
62 	94    	338.62	311	585
63 	97    	341.74	311	509
64 	89    	332.7 	311	509
65 	87    	349.42	311	566
66 	95    	335.8 	311	502
67 	90    	342.49	311	553
68 	90    	343.19	311	556
69 	90    	344.75	311	645
70 	92    	339.32	311	609
71 	91    	355.69	311	573
72 	93    	335.85	311	509
73 	92    	343.36	311	556
74 	96    	346.41	311	600
75 	92    	336.61	311	534
76 	88    	336.6 	311	525
77 	88    	338.91	311	558
78 	91    	350.9 	311	608
79 	88    	339.14	311	509
80 	94    	347.64	311	505
81 	90    	335.54	311	502
82 	87    	337.79	311	560
83 	94    	341.16	311	546
84 	92    	343.11	311	571
85 	94    	338.85	311	509
86 	95    	344.04	311	546
87 	92    	348.05	311	630
88 	89    	344.97	311	545
89 	91    	345.5 	311	645
90 	95    	339.61	311	583
91 	97    	343.87	311	503
92 	94    	346.37	311	630
93 	97    	342.71	311	505
94 	87    	352.57	311	659
95 	93    	340.36	311	571
96 	89    	338   	311	509
97 	92    	349.3 	311	537
98 	93    	336.99	311	525
99 	89    	342.8 	311	509
100	88    	351.88	311	517
-------------------- 4 ---------------------
log: gen	nevals	mean  	min	max
0  	100   	547.69	415	652
1  	97    	509.63	415	617
2  	87    	491.61	400	647
3  	93    	470.57	384	664
4  	95    	457.86	360	591
5  	93    	429.99	340	626
6  	97    	422.19	327	640
7  	92    	413.11	327	551
8  	96    	396.85	325	534
9  	90    	366   	325	522
10 	94    	361.56	306	582
11 	93    	349.49	306	511
12 	87    	361.18	306	617
13 	93    	354.99	306	495
14 	89    	344.02	306	543
15 	94    	336.24	306	508
16 	88    	330.72	306	573
17 	93    	339.17	306	550
18 	92    	333.64	306	490
19 	86    	342.55	306	604
20 	90    	345.75	306	525
21 	91    	339.23	306	580
22 	87    	333.41	306	630
23 	85    	349.89	306	615
24 	87    	328.18	306	497
25 	94    	338.49	306	570
26 	91    	342.47	306	593
27 	88    	326.54	306	492
28 	98    	335.49	306	545
29 	88    	331.24	306	502
30 	89    	337.02	306	535
31 	93    	333.38	306	507
32 	87    	335.14	306	500
33 	91    	331.6 	306	532
34 	92    	338.6 	306	581
35 	90    	344.31	306	652
36 	91    	344.16	306	540
37 	88    	336.68	306	501
38 	89    	339.22	306	574
39 	92    	332.51	306	563
40 	91    	333.41	306	519
41 	89    	340.16	306	559
42 	93    	340.86	306	555
43 	92    	337.26	306	577
44 	91    	332.96	306	605
45 	95    	337.1 	306	574
46 	96    	339.86	306	574
47 	95    	340.25	306	525
48 	90    	327.86	306	490
49 	89    	337.2 	306	575
50 	91    	340.51	306	565
51 	94    	336.42	306	527
52 	83    	330.59	306	585
53 	91    	327.84	306	512
54 	96    	332   	306	632
55 	92    	331.76	306	475
56 	84    	332.68	306	529
57 	94    	335.39	306	497
58 	89    	338.71	306	490
59 	90    	345.82	306	529
60 	92    	332.11	306	508
61 	90    	349.72	306	545
62 	97    	342.89	306	562
63 	87    	340.84	306	600
64 	96    	340.61	306	518
65 	89    	332.16	306	533
66 	89    	344.33	306	591
67 	87    	338.9 	306	572
68 	92    	344.03	306	504
69 	90    	337.53	306	529
70 	92    	341.68	306	620
71 	92    	333.89	306	595
72 	90    	331.22	306	504
73 	91    	340.67	306	532
74 	88    	342.91	306	620
75 	90    	333.25	306	558
76 	91    	349.3 	306	612
77 	89    	336.66	306	577
78 	98    	335   	306	530
79 	87    	340.22	306	612
80 	94    	336.9 	306	547
81 	89    	331.41	306	512
82 	92    	338.21	306	574
83 	88    	331.07	306	504
84 	93    	335.01	306	514
85 	95    	334.53	306	497
86 	97    	340.83	306	555
87 	95    	341.61	306	537
88 	92    	331.83	306	504
89 	86    	332.97	306	504
90 	86    	349.78	306	572
91 	95    	338.04	306	570
92 	84    	334.71	306	490
93 	90    	336.89	306	522
94 	87    	335.12	306	529
95 	89    	334.13	306	537
96 	92    	331.41	306	504
97 	92    	334.52	306	505
98 	92    	327.63	306	497
99 	91    	333.48	306	490
100	90    	337.17	306	519
-------------------- 5 ---------------------
log: gen	nevals	mean  	min	max
0  	100   	557.82	402	684
1  	84    	520.16	402	658
2  	92    	494.13	416	578
3  	92    	481.86	410	585
4  	93    	462.92	367	607
5  	93    	461.04	365	620
6  	94    	447.35	306	594
7  	93    	442.61	306	597
8  	91    	427.51	306	661
9  	88    	415.67	306	637
10 	93    	392.23	306	600
11 	95    	389.83	306	598
12 	94    	377.99	306	523
13 	90    	356.23	306	497
14 	92    	352.83	306	559
15 	90    	334.11	306	570
16 	89    	340.48	306	501
17 	88    	338.06	306	595
18 	88    	339.2 	306	521
19 	96    	347.26	306	532
20 	97    	336.53	306	496
21 	88    	347.71	306	619
22 	93    	329.05	306	493
23 	98    	340.93	306	525
24 	82    	333.26	306	497
25 	89    	339.67	306	578
26 	90    	332.98	306	544
27 	96    	335.28	306	579
28 	93    	331.15	306	495
29 	94    	337.75	306	639
30 	93    	324.91	306	559
31 	94    	339.34	306	581
32 	98    	333.8 	306	562
33 	92    	331.85	306	497
34 	88    	333.4 	306	493
35 	96    	340.64	306	580
36 	94    	339.32	306	497
37 	98    	334.83	306	536
38 	95    	327.1 	306	504
39 	88    	328.68	306	504
40 	92    	333.18	306	535
41 	93    	341.29	306	543
42 	92    	329.89	306	589
43 	86    	342.9 	306	637
44 	87    	332.69	306	543
45 	91    	341.61	306	580
46 	95    	339.1 	306	536
47 	90    	344.14	306	503
48 	92    	344.46	306	603
49 	88    	332.06	306	554
50 	91    	335.5 	306	544
51 	93    	337.28	306	580
52 	91    	337.7 	306	504
53 	91    	337.85	306	512
54 	91    	350.66	306	612
55 	94    	341.98	306	567
56 	94    	338.28	306	607
57 	84    	337.52	306	568
58 	96    	334.44	306	521
59 	92    	336.82	306	577
60 	89    	328.06	306	584
61 	88    	334.19	306	637
62 	89    	333.28	306	498
63 	93    	335.11	306	565
64 	94    	343.86	306	508
65 	91    	327.95	306	535
66 	89    	340.99	306	589
67 	89    	334.3 	306	522
68 	88    	329.47	306	504
69 	92    	344.39	306	513
70 	90    	320.31	306	510
71 	90    	335.88	306	607
72 	93    	332.8 	306	552
73 	89    	334.85	306	534
74 	94    	330.54	306	504
75 	92    	335.81	306	504
76 	89    	348.41	306	633
77 	100   	342.06	306	541
78 	90    	347.68	306	630
79 	86    	331.39	306	615
80 	91    	337.97	306	597
81 	90    	332.57	306	499
82 	96    	344.5 	306	574
83 	93    	344.79	306	490
84 	91    	355.02	306	580
85 	92    	333.92	306	540
86 	92    	335.37	306	604
87 	91    	340.69	306	590
88 	88    	336.31	306	527
89 	89    	332.17	306	522
90 	92    	329.89	306	504
91 	89    	323.84	306	497
92 	83    	338.23	306	570
93 	92    	344.56	306	553
94 	93    	341.3 	306	603
95 	88    	335.65	306	534
96 	95    	343.82	306	527
97 	90    	336.88	306	531
98 	93    	342.85	306	512
99 	95    	329.18	306	550
100	95    	342.09	306	535
-------------------- 6 ---------------------
log: gen	nevals	mean  	min	max
0  	100   	547.85	389	635
1  	86    	511.49	389	597
2  	94    	487.84	366	649
3  	94    	462.86	366	586
4  	96    	447.89	339	595
5  	90    	442.53	339	631
6  	96    	419.07	334	553
7  	84    	412.72	319	582
8  	91    	394.26	306	627
9  	87    	370.54	306	548
10 	89    	364.45	306	632
11 	97    	357.19	306	573
12 	89    	336.96	306	493
13 	88    	331.87	306	522
14 	94    	326.5 	306	530
15 	98    	339.61	306	637
16 	93    	332.52	306	504
17 	88    	336.45	306	575
18 	95    	338.53	306	605
19 	92    	332.14	306	596
20 	90    	335.11	306	535
21 	91    	345.65	306	532
22 	95    	345.06	306	534
23 	88    	331.33	306	512
24 	91    	330.58	306	490
25 	94    	335.18	306	527
26 	89    	346.65	306	589
27 	87    	335.32	306	480
28 	87    	334.15	306	511
29 	92    	330.85	306	523
30 	88    	338.14	306	504
31 	92    	328.21	306	535
32 	90    	326.86	306	568
33 	85    	331.55	306	501
34 	94    	336.68	306	572
35 	92    	328.3 	306	553
36 	91    	340.31	306	566
37 	87    	329.83	306	495
38 	89    	332.68	306	580
39 	96    	336.04	306	531
40 	93    	329.87	306	490
41 	95    	349.98	306	531
42 	89    	333.67	306	509
43 	91    	327.64	306	514
44 	90    	334.65	306	536
45 	91    	339.52	306	584
46 	89    	339.79	306	550
47 	86    	345.61	306	579
48 	91    	336.81	306	521
49 	93    	334.88	306	490
50 	90    	346.28	306	555
51 	90    	325.27	306	598
52 	90    	326.75	306	527
53 	92    	339.66	306	484
54 	91    	341.71	306	581
55 	93    	331.38	306	504
56 	94    	336.05	306	572
57 	89    	332.44	306	554
58 	97    	346.34	306	574
59 	93    	330.46	306	504
60 	88    	342.17	306	543
61 	88    	328.28	306	506
62 	91    	332.26	306	615
63 	94    	335.22	306	497
64 	90    	338.43	306	511
65 	88    	331.5 	306	543
66 	85    	337.1 	306	530
67 	92    	338.31	306	566
68 	85    	337.6 	306	526
69 	93    	339.75	306	527
70 	87    	333.17	306	520
71 	95    	333.31	306	572
72 	93    	339.47	306	540
73 	92    	335.29	306	504
74 	91    	340.37	306	579
75 	96    	339.06	306	545
76 	88    	326.53	306	504
77 	95    	333.46	306	512
78 	87    	337.34	306	551
79 	98    	341.11	306	591
80 	95    	329.85	306	508
81 	94    	335.49	306	531
82 	97    	335.86	306	521
83 	93    	343.83	306	505
84 	93    	346.95	306	572
85 	94    	349.54	306	604
86 	96    	339.41	306	535
87 	89    	338.72	306	530
88 	92    	335.17	306	490
89 	86    	336.32	306	581
90 	88    	334.17	306	574
91 	92    	338.46	306	563
92 	94    	329.12	306	574
93 	90    	340.73	306	612
94 	93    	340.91	306	537
95 	92    	345.6 	306	604
96 	92    	346.43	306	526
97 	91    	323.26	306	480
98 	92    	335.27	306	504
99 	87    	337.61	306	553
100	96    	343.22	306	532
-------------------- 7 ---------------------
log: gen	nevals	mean  	min	max
0  	100   	548.53	442	664
1  	96    	521.36	427	650
2  	91    	504.32	382	633
3  	90    	475.56	382	586
4  	93    	465.21	368	576
5  	89    	457.6 	382	609
6  	95    	445.92	378	626
7  	93    	450.37	357	600
8  	97    	452.93	357	620
9  	93    	436.58	337	581
10 	92    	436.92	319	622
11 	92    	425.35	319	592
12 	94    	405.51	319	581
13 	94    	397.67	319	595
14 	89    	378.71	306	528
15 	96    	378.94	306	577
16 	90    	362.83	306	527
17 	96    	358.7 	306	641
18 	87    	343.79	306	500
19 	91    	342.58	306	512
20 	87    	331.95	306	572
21 	89    	327.4 	306	514
22 	96    	338.03	306	578
23 	95    	328.84	306	532
24 	94    	330.14	306	572
25 	88    	329.94	306	497
26 	92    	337.99	306	533
27 	90    	330.89	306	540
28 	93    	327.87	306	481
29 	84    	334.16	306	535
30 	89    	339.25	306	490
31 	88    	334.32	306	566
32 	88    	336.25	306	615
33 	91    	336.31	306	523
34 	93    	352.66	306	600
35 	84    	335.88	306	544
36 	91    	331.98	306	583
37 	88    	339.36	306	570
38 	86    	327.11	306	516
39 	92    	335.1 	306	543
40 	91    	349.33	306	603
41 	92    	338.32	306	490
42 	86    	327.73	306	536
43 	90    	336.1 	306	540
44 	90    	341.06	306	553
45 	90    	324.28	306	574
46 	90    	331.26	306	492
47 	94    	337.84	306	568
48 	92    	337.12	306	574
49 	90    	331.21	306	506
50 	86    	340.98	306	544
51 	92    	333.06	306	605
52 	96    	331.31	306	494
53 	91    	336.45	306	569
54 	96    	346.98	306	505
55 	88    	331.23	306	497
56 	88    	335.6 	306	521
57 	84    	338.75	306	549
58 	85    	332.02	306	632
59 	90    	333.51	306	545
60 	86    	334.63	306	490
61 	91    	340.27	306	652
62 	89    	341.93	306	589
63 	91    	328.37	306	581
64 	75    	323.98	306	615
65 	85    	335.69	306	619
66 	93    	331.7 	306	566
67 	91    	334.14	306	525
68 	94    	351.11	306	536
69 	94    	340.85	306	510
70 	93    	344.34	306	553
71 	90    	331.71	306	489
72 	88    	337.76	306	521
73 	90    	334.02	306	499
74 	95    	341.2 	306	659
75 	94    	335.01	306	497
76 	94    	340.4 	306	521
77 	90    	345.92	306	594
78 	88    	345.29	306	598
79 	93    	347.07	306	580
80 	95    	326.54	306	501
81 	91    	330.63	306	637
82 	96    	335.54	306	494
83 	92    	339.89	306	637
84 	86    	338.4 	306	564
85 	94    	337.96	306	510
86 	92    	336.82	306	504
87 	91    	337.95	306	528
88 	97    	339.79	306	518
89 	88    	344.22	306	533
90 	92    	336.11	306	577
91 	94    	340.15	306	527
92 	91    	333.15	306	532
93 	93    	328.64	306	518
94 	93    	340.11	306	532
95 	94    	331.34	306	574
96 	91    	327   	306	541
97 	93    	340.59	306	524
98 	93    	333.74	306	504
99 	94    	344.77	306	659
100	87    	341.91	306	511
-------------------- 8 ---------------------
log: gen	nevals	mean  	min	max
0  	100   	547.99	428	678
1  	88    	503   	410	607
2  	94    	483.15	405	643
3  	91    	466.52	395	568
4  	88    	453.02	344	602
5  	97    	450.57	343	600
6  	90    	428.74	343	634
7  	87    	423.69	343	600
8  	91    	405.71	337	576
9  	91    	401.09	328	558
10 	92    	390.9 	328	605
11 	89    	379.95	328	658
12 	87    	375.1 	328	575
13 	91    	376.03	328	550
14 	85    	373.4 	328	543
15 	89    	369.62	328	519
16 	83    	365.1 	328	562
17 	92    	372.31	328	648
18 	94    	378.64	328	527
19 	91    	367.78	328	592
20 	87    	377.26	328	572
21 	92    	369.75	328	602
22 	93    	352.66	328	531
23 	93    	357.92	328	521
24 	90    	353.14	328	639
25 	93    	354.72	328	568
26 	87    	364.69	328	606
27 	87    	359.47	328	592
28 	92    	352.18	328	609
29 	90    	350.58	328	555
30 	94    	358.48	328	540
31 	92    	353.74	328	603
32 	95    	353.8 	328	567
33 	88    	358.67	328	552
34 	87    	357.55	328	636
35 	89    	349.51	328	576
36 	91    	351.09	328	552
37 	86    	355.89	328	559
38 	90    	353.64	328	512
39 	91    	361.14	328	579
40 	94    	356.72	328	529
41 	96    	359.98	328	519
42 	82    	355.59	328	554
43 	92    	354.29	328	575
44 	95    	355.39	328	575
45 	89    	356.85	328	602
46 	86    	349.14	328	529
47 	85    	355.55	328	547
48 	93    	352.24	328	641
49 	94    	361.43	328	541
50 	91    	359.7 	328	534
51 	90    	359.43	328	550
52 	89    	355.28	328	604
53 	96    	357.39	328	549
54 	89    	359.34	328	541
55 	88    	364.14	328	554
56 	88    	355.43	328	526
57 	89    	358.62	328	558
58 	90    	362.66	328	558
59 	90    	360.67	328	579
60 	88    	349.26	328	512
61 	92    	353.08	328	610
62 	91    	357.24	328	566
63 	92    	353.68	328	519
64 	94    	354.57	328	526
65 	97    	351.22	328	525
66 	94    	367.67	328	586
67 	96    	353.99	328	551
68 	89    	354.88	328	518
69 	95    	353.87	328	556
70 	96    	361.05	328	556
71 	87    	360.98	328	558
72 	92    	362.7 	328	603
73 	96    	362.54	328	526
74 	87    	349.09	328	512
75 	96    	364.09	328	609
76 	95    	355.28	328	522
77 	94    	350.75	328	490
78 	87    	358.12	328	595
79 	87    	351.95	328	526
80 	90    	368.18	328	592
81 	96    	359.5 	328	554
82 	93    	363.04	328	639
83 	94    	359.21	328	542
84 	88    	363.48	328	656
85 	94    	361.56	328	684
86 	90    	361.94	328	562
87 	94    	357.92	328	550
88 	89    	362.81	328	564
89 	94    	361.49	328	524
90 	90    	360.1 	328	542
91 	97    	352.84	328	524
92 	89    	352.6 	328	629
93 	83    	352.6 	328	526
94 	95    	358.87	328	565
95 	93    	349.08	328	526
96 	96    	368.27	328	526
97 	94    	354.9 	328	542
98 	88    	353.65	328	550
99 	94    	346.69	328	552
100	96    	352.15	328	532
-------------------- 9 ---------------------
log: gen	nevals	mean  	min	max
0  	100   	545.63	436	649
1  	90    	509.59	385	627
2  	97    	490.75	376	600
3  	93    	484.34	376	625
4  	92    	468.55	376	663
5  	94    	459.58	376	577
6  	90    	451.58	352	618
7  	92    	446.03	352	587
8  	92    	436.15	352	599
9  	91    	441.07	352	627
10 	92    	422.16	358	571
11 	92    	416.14	358	599
12 	96    	416.97	340	551
13 	88    	411.23	340	582
14 	90    	409.83	338	570
15 	93    	404.11	338	557
16 	92    	407.4 	340	567
17 	87    	404.41	340	560
18 	96    	394.94	312	557
19 	94    	384.19	312	617
20 	93    	367.69	312	546
21 	96    	368.77	312	537
22 	88    	349.09	312	514
23 	94    	349.51	312	620
24 	91    	345.47	312	510
25 	91    	345.06	312	519
26 	89    	350.41	312	574
27 	89    	345.82	312	527
28 	91    	341.04	312	585
29 	88    	338.61	312	503
30 	94    	336.81	312	590
31 	93    	341.79	312	575
32 	93    	336.64	312	555
33 	90    	346.67	312	578
34 	84    	346.65	312	581
35 	90    	343.47	312	527
36 	95    	349.06	312	581
37 	93    	344.4 	312	545
38 	91    	338.44	312	556
39 	89    	340.82	312	630
40 	93    	344.05	312	552
41 	95    	347.54	312	583
42 	86    	337.64	312	531
43 	87    	337.54	312	510
44 	89    	342.68	312	510
45 	88    	339.34	312	561
46 	87    	337.2 	312	499
47 	94    	339.12	312	598
48 	98    	342.77	312	570
49 	90    	346.16	312	552
50 	87    	342.47	312	564
51 	84    	342.71	312	576
52 	96    	339.02	312	637
53 	89    	342.38	312	522
54 	95    	351.58	312	563
55 	89    	343.58	312	516
56 	90    	343.67	312	568
57 	89    	341.11	312	634
58 	96    	343.9 	312	555
59 	91    	338.17	312	481
60 	94    	344.16	312	585
61 	93    	342.58	312	554
62 	90    	340.17	312	536
63 	89    	341.79	312	525
64 	91    	340.63	312	531
65 	92    	333.88	312	481
66 	95    	340.96	312	510
67 	90    	335.34	312	561
68 	94    	337.08	312	535
69 	91    	336.02	312	503
70 	87    	343.74	312	535
71 	93    	342.71	312	585
72 	89    	339   	312	503
73 	91    	340.25	312	577
74 	92    	345.78	312	522
75 	92    	353.28	312	561
76 	90    	333.14	312	563
77 	89    	337.42	312	490
78 	89    	342.53	312	583
79 	94    	343.04	312	509
80 	77    	339.68	312	526
81 	91    	333.81	312	510
82 	91    	338.91	312	519
83 	92    	354.32	312	541
84 	85    	326.05	312	583
85 	91    	334.92	312	516
86 	92    	339.13	312	615
87 	87    	339.08	312	578
88 	93    	345.47	312	523
89 	95    	345.29	312	536
90 	88    	336.98	312	497
91 	93    	335.94	312	568
92 	89    	342.65	312	536
93 	89    	344.04	312	510
94 	92    	337.56	312	542
95 	91    	346.03	312	585
96 	91    	340.74	312	546
97 	92    	340.95	312	527
98 	93    	354.23	312	510
99 	92    	343.16	312	542
100	89    	340.07	312	636
-------------------- 10 ---------------------
log: gen	nevals	mean  	min	max
0  	100   	544.13	415	625
1  	95    	514.73	412	615
2  	94    	489.1 	412	624
3  	96    	475.2 	373	620
4  	88    	457.51	373	576
5  	95    	460.54	377	599
6  	88    	451.81	357	636
7  	97    	433.9 	352	570
8  	95    	425.79	352	573
9  	84    	407.87	352	539
10 	92    	415.69	352	630
11 	82    	402.37	324	591
12 	90    	405.38	324	580
13 	93    	403.68	324	560
14 	85    	387.67	324	543
15 	88    	380.86	324	591
16 	89    	363.93	324	565
17 	88    	351.19	324	565
18 	90    	350.89	324	520
19 	93    	356.52	324	561
20 	92    	359.48	324	563
21 	88    	358.43	324	517
22 	89    	351.29	324	496
23 	93    	340.28	324	483
24 	90    	348.98	324	545
25 	83    	339.76	324	520
26 	93    	355.12	324	594
27 	86    	355.21	324	627
28 	91    	347.78	324	588
29 	94    	350.97	324	661
30 	89    	349.3 	324	520
31 	93    	353.27	324	526
32 	92    	344.87	324	514
33 	94    	353.42	324	610
34 	90    	355.4 	324	587
35 	93    	359.19	324	545
36 	90    	347.83	324	558
37 	96    	361.35	324	504
38 	91    	356.39	324	501
39 	89    	349.5 	324	496
40 	88    	353.56	324	508
41 	97    	352.01	324	575
42 	93    	350.47	324	538
43 	96    	349.73	324	606
44 	88    	354.19	324	526
45 	95    	360.25	324	526
46 	92    	354.79	324	550
47 	91    	359.67	324	598
48 	93    	359.4 	324	568
49 	85    	342.31	324	493
50 	89    	347.55	324	496
51 	93    	354.95	324	552
52 	95    	349.5 	324	486
53 	88    	350.11	324	516
54 	96    	356.69	324	518
55 	89    	351.72	324	647
56 	87    	344.44	324	525
57 	90    	346.07	324	555
58 	90    	355.72	324	516
59 	91    	349.67	324	514
60 	92    	354.79	324	560
61 	88    	357.03	324	575
62 	92    	348.35	324	563
63 	93    	355.88	324	509
64 	92    	354.55	324	578
65 	90    	352.07	324	538
66 	92    	348.06	324	572
67 	90    	346.88	324	540
68 	88    	347.63	324	516
69 	90    	357.65	324	635
70 	96    	349.88	324	515
71 	90    	338.91	324	589
72 	91    	352.6 	324	498
73 	87    	339.61	324	486
74 	90    	350.09	324	568
75 	91    	351.68	324	563
76 	94    	354.45	324	494
77 	90    	350.92	324	543
78 	91    	348.1 	324	534
79 	83    	349.29	324	534
80 	90    	353.03	324	625
81 	90    	351.25	324	516
82 	85    	358.77	324	585
83 	92    	347.37	324	524
84 	96    	345.42	324	486
85 	89    	352.47	324	502
86 	95    	346.74	324	516
87 	91    	343.53	324	515
88 	91    	347.23	324	477
89 	93    	359.69	324	580
90 	84    	340.34	324	496
91 	88    	356.32	324	565
92 	87    	352.19	324	565
93 	91    	352.64	324	512
94 	93    	348.19	324	596
95 	95    	351.18	324	496
96 	90    	351.95	324	530
97 	93    	375.73	324	615
98 	90    	350.66	324	624
99 	90    	355.32	324	537
100	90    	356.13	324	610
-------------------- 11 ---------------------
log: gen	nevals	mean  	min	max
0  	100   	551.94	454	671
1  	98    	511.62	415	605
2  	93    	494.85	396	619
3  	88    	472.14	378	594
4  	94    	466.13	375	560
5  	87    	451.97	338	604
6  	91    	443.03	324	600
7  	90    	418.99	324	544
8  	83    	418.43	324	560
9  	85    	411.95	324	563
10 	91    	399.19	324	598
11 	94    	396.4 	324	553
12 	97    	372.87	324	569
13 	93    	349.43	324	507
14 	96    	349.12	324	521
15 	92    	352.02	324	571
16 	87    	348.48	324	510
17 	94    	361.46	324	542
18 	94    	354.32	324	494
19 	92    	351.41	324	569
20 	84    	350.36	324	606
21 	94    	352.76	324	598
22 	92    	363.9 	324	611
23 	88    	355.73	324	567
24 	92    	341.47	324	496
25 	86    	353.23	324	526
26 	93    	356.98	324	541
27 	91    	349.07	324	502
28 	88    	350.6 	324	595
29 	92    	350.22	324	558
30 	87    	347.75	324	588
31 	92    	358.79	324	617
32 	94    	345.43	324	501
33 	90    	362.26	324	545
34 	94    	359.31	324	565
35 	92    	354.06	324	496
36 	93    	352.96	324	504
37 	90    	346.69	324	489
38 	89    	347.77	324	507
39 	94    	349.44	324	566
40 	91    	362.23	324	626
41 	88    	344.87	324	493
42 	91    	347.9 	324	633
43 	95    	353.47	324	551
44 	90    	358.58	324	613
45 	93    	344.02	324	493
46 	91    	354.15	324	536
47 	93    	356.05	324	566
48 	88    	340.54	324	536
49 	95    	349.14	324	508
50 	89    	355.99	324	562
51 	92    	346.78	324	493
52 	98    	354.56	324	517
53 	94    	348.63	324	546
54 	93    	350.38	324	536
55 	88    	351.74	324	505
56 	82    	345.42	324	514
57 	95    	352.27	324	496
58 	94    	365.33	324	570
59 	91    	346.14	324	496
60 	91    	352   	324	635
61 	95    	364.64	324	550
62 	94    	359.28	324	544
63 	90    	366.92	324	541
64 	96    	355.29	324	519
65 	87    	346.21	324	496
66 	96    	352.05	324	563
67 	92    	352.93	324	581
68 	89    	358.43	324	587
69 	94    	349.28	324	568
70 	93    	346.22	324	509
71 	91    	349.06	324	575
72 	89    	351.22	324	551
73 	91    	347.6 	324	527
74 	93    	348.14	324	525
75 	89    	343.32	324	569
76 	92    	361.62	324	610
77 	90    	350.09	324	493
78 	91    	352.05	324	476
79 	91    	357.43	324	580
80 	91    	347.25	324	569
81 	98    	360.86	324	676
82 	92    	355.66	324	606
83 	90    	351.4 	324	493
84 	89    	358.27	324	622
85 	90    	355.45	324	551
86 	89    	344.43	324	485
87 	94    	356.9 	324	598
88 	92    	346.35	324	526
89 	88    	355.41	324	493
90 	98    	350.61	324	501
91 	93    	347.11	324	534
92 	91    	348.72	324	557
93 	92    	353.07	324	541
94 	91    	350.88	324	541
95 	98    	355.45	324	558
96 	89    	352.65	324	565
97 	94    	355.1 	324	500
98 	89    	337.89	324	515
99 	90    	352.8 	324	545
100	87    	350.36	324	548
-------------------- 12 ---------------------
log: gen	nevals	mean  	min	max
0  	100   	542.6 	404	675
1  	88    	507.38	385	607
2  	88    	481.38	380	586
3  	91    	461.04	348	589
4  	92    	449.2 	345	635
5  	94    	425.34	345	664
6  	90    	409.27	348	550
7  	93    	395.44	338	554
8  	91    	380.98	335	517
9  	96    	366.24	335	507
10 	88    	366.94	335	493
11 	88    	376.16	327	546
12 	89    	366.99	327	578
13 	88    	371.29	324	643
14 	93    	377.53	324	612
15 	87    	354.34	324	513
16 	86    	362.74	324	553
17 	91    	355.2 	324	507
18 	88    	365.71	324	585
19 	89    	347.95	324	544
20 	89    	349.04	324	658
21 	90    	355.36	324	611
22 	88    	342.52	324	573
23 	85    	356.76	324	558
24 	93    	356.51	324	611
25 	94    	357.53	324	605
26 	95    	352.5 	324	613
27 	94    	345.77	324	575
28 	94    	354.19	324	575
29 	94    	349.95	324	496
30 	87    	350.67	324	564
31 	83    	355.94	324	537
32 	94    	348.87	324	512
33 	93    	342.36	324	569
34 	91    	353.55	324	535
35 	91    	353.87	324	591
36 	92    	343.3 	324	493
37 	88    	349.96	324	526
38 	95    	353.77	324	551
39 	91    	353.65	324	535
40 	94    	344.34	324	507
41 	86    	356.76	324	565
42 	93    	362.97	324	564
43 	90    	348.5 	324	493
44 	88    	363.11	324	575
45 	91    	343.76	324	567
46 	93    	351.15	324	504
47 	87    	356.01	324	544
48 	92    	347.06	324	541
49 	92    	348.01	324	494
50 	85    	365   	324	575
51 	92    	359.24	324	605
52 	91    	351.59	324	627
53 	93    	353.57	324	564
54 	90    	351.51	324	569
55 	95    	352.49	324	551
56 	90    	357.72	324	550
57 	93    	353.19	324	599
58 	90    	348.48	324	568
59 	92    	349.13	324	575
60 	87    	349.13	324	548
61 	91    	356.01	324	502
62 	93    	356.61	324	543
63 	95    	363.91	324	606
64 	89    	342.84	324	528
65 	90    	351.15	324	605
66 	91    	348.72	324	553
67 	91    	357.4 	324	493
68 	94    	356.44	324	494
69 	86    	353.01	324	486
70 	88    	350.52	324	506
71 	89    	356.11	324	540
72 	91    	348.95	324	517
73 	88    	355.61	324	496
74 	92    	344.29	324	513
75 	93    	349.96	324	511
76 	92    	356.97	324	544
77 	95    	359.59	324	599
78 	93    	353.88	324	540
79 	88    	354.12	324	543
80 	86    	352.19	324	560
81 	92    	356.42	324	613
82 	96    	356.26	324	564
83 	94    	350.35	324	506
84 	92    	347.87	324	496
85 	96    	356.57	324	564
86 	91    	352.04	324	486
87 	94    	345.87	324	469
88 	92    	353.1 	324	626
89 	91    	354.64	324	560
90 	87    	338.28	324	527
91 	92    	357.68	324	566
92 	92    	349.32	324	561
93 	87    	354.35	324	519
94 	87    	347.91	324	496
95 	94    	357.34	324	558
96 	90    	345.94	324	590
97 	91    	356.88	324	570
98 	88    	359.42	324	516
99 	89    	351.51	324	523
100	93    	354.8 	324	598
-------------------- 13 ---------------------
log: gen	nevals	mean  	min	max
0  	100   	553.7 	438	680
1  	84    	514.42	432	612
2  	94    	490.59	376	637
3  	90    	476.84	373	632
4  	88    	460.77	358	619
5  	94    	444.39	353	592
6  	95    	439.2 	336	581
7  	95    	425.41	336	571
8  	89    	415.19	332	582
9  	90    	409.57	330	562
10 	93    	409.91	330	579
11 	89    	392.04	330	581
12 	91    	385.51	330	633
13 	87    	364.04	330	521
14 	93    	360.34	330	627
15 	93    	369.96	330	514
16 	86    	356.03	317	594
17 	85    	356.74	317	573
18 	93    	359.93	317	593
19 	92    	367.19	317	584
20 	90    	356.12	317	559
21 	94    	343.22	317	603
22 	87    	351.13	317	588
23 	90    	343.37	317	536
24 	91    	358.04	317	580
25 	89    	343.88	317	554
26 	92    	344.79	317	532
27 	91    	336.89	317	501
28 	87    	349.96	317	522
29 	89    	345.64	317	592
30 	97    	341.25	317	616
31 	92    	338.49	317	612
32 	94    	347.26	317	624
33 	92    	348.65	317	501
34 	93    	349.95	317	588
35 	92    	346.08	317	500
36 	93    	347.35	317	500
37 	93    	341.33	317	515
38 	91    	346.44	317	559
39 	94    	345.44	317	566
40 	90    	342.05	317	515
41 	94    	354.32	317	508
42 	92    	346.31	317	547
43 	92    	348.07	317	609
44 	88    	344.15	317	590
45 	94    	351.39	317	515
46 	92    	340.77	317	515
47 	92    	348.7 	317	612
48 	86    	333.97	317	541
49 	91    	347.16	317	567
50 	90    	353.44	317	508
51 	89    	352.22	317	617
52 	89    	363.46	317	640
53 	85    	352.13	317	570
54 	94    	334.36	317	532
55 	91    	337.14	317	514
56 	90    	341.87	317	518
57 	92    	348.43	317	528
58 	90    	354.57	317	545
59 	95    	345.97	317	557
60 	91    	347.38	317	577
61 	90    	341.2 	317	583
62 	95    	355.7 	317	524
63 	95    	351.64	317	606
64 	95    	344.76	317	527
65 	86    	353.63	317	575
66 	91    	356.58	317	595
67 	91    	343.41	317	566
68 	94    	356.39	317	630
69 	92    	339.68	317	565
70 	90    	347.95	317	501
71 	95    	352.79	317	609
72 	85    	349.59	317	516
73 	92    	340.31	317	590
74 	90    	343.24	317	558
75 	92    	345   	317	520
76 	94    	355.04	317	575
77 	85    	342.02	317	543
78 	87    	341.45	317	501
79 	90    	350.74	317	601
80 	93    	339.85	317	543
81 	91    	344.67	317	538
82 	93    	350.18	317	521
83 	92    	345.48	317	610
84 	90    	349.99	317	624
85 	90    	349.01	317	549
86 	89    	360.17	317	613
87 	93    	356.48	317	559
88 	90    	350.22	317	554
89 	98    	349.85	317	607
90 	91    	353.87	317	603
91 	94    	354.73	317	527
92 	88    	344.08	317	572
93 	89    	341.97	317	515
94 	92    	344.67	317	601
95 	97    	348.59	317	515
96 	89    	340.05	317	515
97 	87    	336.7 	317	505
98 	92    	354.07	317	521
99 	87    	353.72	317	613
100	90    	343.13	317	562
-------------------- 14 ---------------------
log: gen	nevals	mean  	min	max
0  	100   	553.46	416	666
1  	91    	501.97	389	640
2  	90    	475.95	389	605
3  	92    	466.81	390	658
4  	86    	455.08	343	601
5  	90    	451.41	343	589
6  	90    	440.69	343	569
7  	87    	431.89	330	612
8  	95    	423.8 	330	610
9  	90    	420.38	343	578
10 	92    	403.53	330	579
11 	88    	395.07	306	554
12 	93    	391.05	306	551
13 	93    	372.15	306	568
14 	90    	361.58	306	582
15 	96    	361.8 	306	499
16 	91    	347.64	306	548
17 	90    	332.85	306	617
18 	91    	332.52	306	523
19 	90    	332.52	306	504
20 	89    	337.62	306	604
21 	94    	327.6 	306	559
22 	94    	333.25	306	504
23 	97    	337.79	306	540
24 	95    	341.32	306	535
25 	87    	330.78	306	504
26 	92    	341.05	306	519
27 	94    	330.8 	306	580
28 	94    	334.04	306	510
29 	89    	333.97	306	589
30 	94    	335.18	306	492
31 	87    	330.94	306	484
32 	91    	341.53	306	522
33 	97    	350.72	306	564
34 	90    	340.96	306	536
35 	94    	322.35	306	490
36 	97    	336.67	306	578
37 	94    	339.51	306	484
38 	92    	340.48	306	500
39 	91    	348.62	306	603
40 	88    	340.14	306	509
41 	94    	343.11	306	504
42 	88    	346.01	306	605
43 	86    	330.17	306	560
44 	93    	337.45	306	535
45 	95    	337.12	306	519
46 	97    	351.73	306	603
47 	92    	341.42	306	513
48 	93    	339.13	306	538
49 	91    	335.7 	306	582
50 	91    	337.5 	306	633
51 	87    	331.98	306	602
52 	89    	327.38	306	490
53 	87    	335.5 	306	496
54 	90    	334.55	306	512
55 	94    	334.7 	306	552
56 	89    	344.41	306	644
57 	93    	341.17	306	596
58 	92    	330.57	306	541
59 	91    	335.85	306	497
60 	85    	329.26	306	509
61 	88    	334.76	306	506
62 	84    	329.99	306	504
63 	95    	338.04	306	620
64 	94    	333.25	306	513
65 	85    	331.61	306	554
66 	88    	327.27	306	542
67 	93    	344.83	306	584
68 	91    	336.09	306	574
69 	88    	338.67	306	593
70 	87    	333.98	306	480
71 	91    	340.43	306	593
72 	87    	327.91	306	497
73 	95    	336.41	306	543
74 	90    	341.43	306	536
75 	89    	334.1 	306	490
76 	90    	334.91	306	504
77 	91    	336.4 	306	523
78 	92    	333.47	306	519
79 	95    	340.91	306	535
80 	84    	329.26	306	504
81 	89    	335.81	306	574
82 	91    	339.17	306	563
83 	88    	336.32	306	605
84 	91    	330.98	306	586
85 	92    	338.09	306	530
86 	95    	344.74	306	649
87 	91    	339.27	306	504
88 	97    	342.1 	306	530
89 	92    	335.46	306	538
90 	91    	341.12	306	536
91 	94    	337.88	306	501
92 	93    	344.31	306	523
93 	95    	334.08	306	497
94 	93    	339.64	306	605
95 	92    	337.65	306	553
96 	93    	339.86	306	524
97 	92    	337.88	306	589
98 	88    	338.09	306	501
99 	86    	336.74	306	602
100	95    	343.26	306	558
-------------------- 15 ---------------------
log: gen	nevals	mean  	min	max
0  	100   	548.64	429	650
1  	84    	506.42	412	623
2  	91    	482.69	375	590
3  	91    	472.88	346	646
4  	94    	459.7 	346	616
5  	91    	454.06	346	613
6  	91    	437.17	341	562
7  	90    	423.64	341	638
8  	97    	416.16	341	572
9  	91    	414.9 	325	616
10 	92    	416.26	325	630
11 	89    	395.03	311	645
12 	97    	381.44	311	669
13 	96    	372.88	311	573
14 	92    	364.15	311	570
15 	89    	350.92	311	561
16 	99    	351.86	311	525
17 	92    	341.33	311	509
18 	95    	338.13	311	511
19 	92    	346.48	311	509
20 	80    	336.4 	311	515
21 	91    	343.32	311	502
22 	92    	341.77	311	572
23 	91    	346.04	311	561
24 	87    	339.12	311	510
25 	86    	327.81	311	612
26 	90    	334.7 	311	527
27 	91    	348.35	311	520
28 	90    	352.52	311	568
29 	94    	338.57	311	580
30 	94    	348.51	311	574
31 	92    	341.54	311	532
32 	80    	342.49	311	502
33 	93    	341.63	311	598
34 	88    	343.7 	311	502
35 	92    	345.93	311	560
36 	91    	356.91	311	509
37 	91    	351.6 	311	606
38 	87    	336.31	311	495
39 	87    	346.39	311	558
40 	91    	353.12	311	509
41 	90    	336.39	311	565
42 	92    	344.18	311	584
43 	96    	341.35	311	653
44 	92    	341.56	311	509
45 	90    	337.44	311	568
46 	92    	339.69	311	528
47 	97    	331.23	311	565
48 	85    	339.42	311	588
49 	90    	353.53	311	589
50 	92    	349.96	311	512
51 	91    	335.57	311	586
52 	87    	338.54	311	495
53 	90    	346.34	311	521
54 	92    	343.27	311	509
55 	93    	331.31	311	480
56 	92    	339.52	311	607
57 	89    	343.39	311	603
58 	87    	345.55	311	630
59 	90    	350.64	311	560
60 	94    	349.23	311	653
61 	94    	348.29	311	571
62 	91    	348.32	311	583
63 	91    	345.6 	311	525
64 	94    	346.55	311	509
65 	90    	339.36	311	502
66 	90    	342.71	311	552
67 	89    	338.57	311	525
68 	90    	341.95	311	512
69 	90    	342.45	311	549
70 	93    	351.17	311	602
71 	94    	338.97	311	585
72 	89    	336.92	311	489
73 	92    	343.7 	311	594
74 	94    	354.43	311	538
75 	93    	353.97	311	565
76 	84    	335.41	311	519
77 	89    	341.74	311	607
78 	93    	339.14	311	535
79 	91    	341.09	311	553
80 	88    	352.23	311	553
81 	91    	339.02	311	525
82 	95    	345.14	311	545
83 	88    	341.89	311	580
84 	92    	336.13	311	545
85 	92    	343.26	311	502
86 	92    	346.05	311	600
87 	88    	339.81	311	612
88 	93    	344.76	311	585
89 	95    	335.4 	311	564
90 	90    	337.5 	311	584
91 	93    	340.23	311	509
92 	86    	352.1 	311	580
93 	89    	356.7 	311	584
94 	93    	343.23	311	480
95 	90    	340.16	311	582
96 	92    	352.42	311	641
97 	83    	340.96	311	502
98 	90    	343.55	311	548
99 	83    	336.17	311	512
100	97    	349.09	311	548
-------------------- 16 ---------------------
log: gen	nevals	mean  	min	max
0  	100   	551.43	430	639
1  	90    	513.38	396	594
2  	98    	490.34	382	659
3  	94    	479.2 	376	619
4  	87    	466.21	351	629
5  	90    	445.39	340	556
6  	91    	436.27	340	577
7  	92    	414.13	340	535
8  	92    	399.22	324	549
9  	93    	398.38	324	574
10 	92    	390.84	324	597
11 	90    	385.62	324	517
12 	95    	375.08	324	538
13 	90    	376.13	324	557
14 	91    	375.3 	324	534
15 	93    	381.37	324	604
16 	85    	372.78	324	610
17 	91    	361.4 	324	634
18 	93    	354.74	311	560
19 	90    	354.84	324	569
20 	97    	343.82	311	498
21 	95    	356.18	311	526
22 	90    	352.63	311	513
23 	82    	357.62	311	545
24 	95    	355.54	311	571
25 	92    	346.02	311	573
26 	90    	337.67	311	497
27 	93    	338.32	311	529
28 	95    	346.59	311	564
29 	94    	343.79	311	546
30 	94    	335.18	311	603
31 	93    	348.83	311	576
32 	90    	343.54	311	537
33 	80    	334.83	311	528
34 	90    	342.58	311	607
35 	95    	346.57	311	567
36 	90    	342.99	311	495
37 	87    	334.73	311	649
38 	89    	344.87	311	540
39 	90    	327.42	311	522
40 	86    	345.14	311	547
41 	92    	337.42	311	586
42 	93    	337.43	311	522
43 	97    	351.51	311	572
44 	88    	348.96	311	513
45 	90    	340.47	311	528
46 	93    	347.02	311	566
47 	95    	346.16	311	517
48 	91    	343.02	311	553
49 	95    	337.4 	311	506
50 	93    	346.17	311	642
51 	94    	339.44	311	512
52 	89    	352.1 	311	534
53 	90    	347.41	311	552
54 	88    	344   	311	566
55 	90    	337.28	311	545
56 	95    	344.74	311	566
57 	92    	339.63	311	516
58 	91    	354.1 	311	570
59 	92    	336.34	311	495
60 	88    	329.81	311	500
61 	93    	340.75	311	519
62 	97    	342.24	311	566
63 	91    	352.1 	311	546
64 	94    	339.41	311	599
65 	93    	344.14	311	541
66 	97    	347.1 	311	513
67 	89    	344.99	311	525
68 	93    	345.77	311	548
69 	89    	343.6 	311	525
70 	90    	337   	311	512
71 	95    	345.04	311	556
72 	88    	335.23	311	610
73 	91    	335.88	311	521
74 	88    	341.38	311	568
75 	88    	343.49	311	552
76 	87    	336.4 	311	523
77 	84    	347.49	311	522
78 	93    	347.83	311	552
79 	84    	338.85	311	520
80 	84    	337.87	311	641
81 	92    	346.05	311	541
82 	91    	348.59	311	598
83 	92    	334.76	311	502
84 	92    	348.36	311	521
85 	94    	344.58	311	523
86 	96    	337.36	311	495
87 	92    	353.66	311	607
88 	88    	337.09	311	489
89 	90    	341.52	311	616
90 	92    	345.05	311	550
91 	88    	342.9 	311	579
92 	86    	338.13	311	548
93 	93    	346.48	311	571
94 	94    	341.87	311	584
95 	92    	339.37	311	561
96 	89    	344.45	311	541
97 	91    	349.11	311	607
98 	86    	341.06	311	583
99 	94    	349.41	311	601
100	86    	345.85	311	550
-------------------- 17 ---------------------
log: gen	nevals	mean  	min	max
0  	100   	543.7 	404	656
1  	91    	504.59	404	609
2  	88    	479.21	404	596
3  	98    	465.6 	352	628
4  	97    	449.18	352	650
5  	89    	437.39	336	584
6  	91    	416.54	336	582
7  	93    	405.61	324	573
8  	90    	385.55	324	565
9  	96    	375.09	324	541
10 	86    	362.87	324	555
11 	92    	358.91	324	527
12 	87    	341.77	324	547
13 	91    	344.58	324	516
14 	93    	359.61	324	579
15 	89    	354   	324	511
16 	94    	352.35	324	560
17 	88    	347.04	324	525
18 	92    	348.8 	324	500
19 	90    	351.44	324	541
20 	89    	348.2 	324	512
21 	93    	344.95	324	505
22 	84    	351.23	324	517
23 	89    	341.46	324	597
24 	91    	344.75	324	550
25 	95    	352.6 	324	519
26 	89    	348.48	324	511
27 	89    	352.07	324	577
28 	92    	346.33	324	499
29 	94    	357.95	324	596
30 	94    	351.46	324	493
31 	90    	350.32	324	596
32 	93    	356.6 	324	519
33 	91    	356.22	324	569
34 	91    	351.62	324	501
35 	95    	361.96	324	625
36 	89    	353.61	324	493
37 	89    	356.9 	324	569
38 	92    	358   	324	558
39 	89    	359.82	324	577
40 	96    	359.61	324	569
41 	96    	343.9 	324	488
42 	88    	353.05	324	583
43 	94    	355.18	324	536
44 	94    	352.31	324	516
45 	87    	346.96	324	500
46 	94    	348.36	324	540
47 	87    	346.52	324	493
48 	89    	347.18	324	513
49 	88    	354.42	324	568
50 	90    	355.96	324	575
51 	94    	354.1 	324	500
52 	92    	343.74	324	565
53 	88    	351.28	324	593
54 	87    	347.11	324	562
55 	91    	351.86	324	589
56 	86    	344.36	324	519
57 	94    	349.11	324	573
58 	84    	352.75	324	504
59 	89    	357.15	324	540
60 	89    	355.56	324	506
61 	94    	358.59	324	551
62 	90    	358.97	324	605
63 	92    	353.2 	324	500
64 	96    	362.62	324	623
65 	89    	347.15	324	496
66 	92    	347.91	324	508
67 	89    	361.16	324	559
68 	88    	357.16	324	569
69 	93    	352.75	324	563
70 	90    	357.21	324	506
71 	89    	351.36	324	566
72 	89    	342.42	324	471
73 	95    	356.69	324	605
74 	95    	342.57	324	544
75 	92    	353.98	324	507
76 	90    	345.91	324	555
77 	84    	355.48	324	540
78 	97    	356.81	324	546
79 	92    	354.18	324	539
80 	91    	345.27	324	635
81 	93    	354.49	324	527
82 	93    	351.44	324	496
83 	91    	352.55	324	585
84 	96    	348.49	324	623
85 	95    	358.84	324	622
86 	94    	356.81	324	486
87 	95    	350.19	324	502
88 	87    	354.05	324	529
89 	96    	361.82	324	548
90 	94    	353.4 	324	544
91 	89    	350.69	324	606
92 	93    	351.28	324	558
93 	96    	345.73	324	507
94 	96    	352.9 	324	558
95 	87    	344.3 	324	511
96 	93    	355.77	324	586
97 	92    	349.78	324	488
98 	92    	350.92	324	580
99 	91    	345.3 	324	496
100	95    	352.12	324	567
-------------------- 18 ---------------------
log: gen	nevals	mean  	min	max
0  	100   	539.09	408	672
1  	94    	506.61	381	644
2  	95    	468.73	364	589
3  	92    	458.11	352	568
4  	90    	446.23	352	637
5  	90    	418.63	352	579
6  	85    	400.89	352	591
7  	95    	402.49	344	585
8  	84    	376.57	319	534
9  	92    	375.24	319	561
10 	86    	376.05	319	599
11 	92    	372.5 	319	558
12 	90    	372.67	319	538
13 	95    	359.08	319	526
14 	85    	345.87	306	518
15 	94    	336.17	306	483
16 	95    	349.84	306	577
17 	92    	347.76	306	562
18 	88    	343.92	306	525
19 	89    	340.45	306	572
20 	90    	348.35	306	574
21 	91    	340.67	306	580
22 	96    	336.46	306	543
23 	91    	342.87	306	606
24 	90    	337.43	306	565
25 	87    	334.34	306	535
26 	95    	336.09	306	504
27 	94    	345.26	306	531
28 	90    	334.99	306	579
29 	97    	337.67	306	556
30 	93    	336.87	306	498
31 	88    	333.1 	306	585
32 	89    	338.09	306	593
33 	89    	333.6 	306	540
34 	94    	342.22	306	541
35 	96    	346.84	306	530
36 	85    	341.9 	306	504
37 	86    	332.82	306	543
38 	92    	332.4 	306	522
39 	87    	334.56	306	572
40 	88    	332.18	306	518
41 	90    	334.03	306	567
42 	89    	342.27	306	555
43 	88    	341.26	306	603
44 	92    	341.47	306	581
45 	93    	325.95	306	523
46 	94    	337.06	306	504
47 	91    	341.54	306	579
48 	93    	336.86	306	615
49 	94    	330.44	306	475
50 	94    	345.11	306	607
51 	94    	342.79	306	554
52 	89    	332.73	306	534
53 	92    	326.92	306	497
54 	93    	335.85	306	604
55 	93    	347.94	306	540
56 	94    	335.35	306	479
57 	91    	330.6 	306	587
58 	90    	341.42	306	636
59 	93    	338.48	306	547
60 	92    	339.34	306	504
61 	93    	340.67	306	630
62 	91    	331.63	306	541
63 	94    	334.56	306	567
64 	92    	337.8 	306	536
65 	97    	339.26	306	527
66 	93    	332.42	306	504
67 	87    	332.64	306	490
68 	90    	350.13	306	558
69 	84    	329.12	306	486
70 	95    	342.07	306	620
71 	89    	335.66	306	589
72 	91    	344.58	306	593
73 	91    	342.81	306	659
74 	93    	340.91	306	553
75 	85    	331.63	306	497
76 	92    	340.93	306	509
77 	94    	343.97	306	615
78 	90    	344.48	306	612
79 	90    	335.68	306	540
80 	94    	333.5 	306	521
81 	91    	342.82	306	554
82 	91    	352.56	306	593
83 	95    	335.44	306	577
84 	94    	341.82	306	535
85 	87    	342.29	306	543
86 	93    	344.83	306	597
87 	83    	335.07	306	504
88 	94    	333.66	306	504
89 	90    	335.54	306	615
90 	90    	333.86	306	504
91 	92    	337.4 	306	525
92 	89    	329.25	306	528
93 	86    	344.71	306	558
94 	93    	340.84	306	525
95 	91    	333.1 	306	503
96 	85    	345.18	306	521
97 	95    	333.96	306	481
98 	88    	331.72	306	528
99 	85    	335.63	306	557
100	89    	336.9 	306	557
-------------------- 19 ---------------------
log: gen	nevals	mean  	min	max
0  	100   	543.19	436	662
1  	97    	510.97	349	624
2  	93    	488.56	349	606
3  	87    	460.35	349	598
4  	91    	453.08	349	575
5  	93    	430.8 	338	590
6  	96    	413.81	311	618
7  	86    	389.27	311	553
8  	96    	391.49	311	539
9  	91    	388.59	311	575
10 	91    	375.65	311	589
11 	91    	364.78	311	612
12 	82    	339.13	311	558
13 	87    	340.6 	311	549
14 	90    	341.87	311	509
15 	93    	347.81	311	527
16 	86    	335.15	311	522
17 	89    	334.85	311	519
18 	96    	341.99	311	509
19 	84    	345.28	311	571
20 	87    	345.99	311	539
21 	96    	337.86	311	498
22 	93    	342.76	311	545
23 	87    	333.71	311	535
24 	94    	343.55	311	498
25 	93    	342.94	311	578
26 	92    	351.82	311	565
27 	93    	336.47	311	565
28 	90    	341.07	311	565
29 	92    	344.06	311	636
30 	89    	339.66	311	553
31 	89    	340.67	311	580
32 	93    	342.32	311	495
33 	95    	345.07	311	556
34 	90    	340.02	311	548
35 	89    	340.8 	311	511
36 	91    	331.51	311	509
37 	90    	339.5 	311	541
38 	84    	337.73	311	600
39 	95    	342.01	311	558
40 	91    	344.75	311	543
41 	93    	350.76	311	603
42 	95    	342.71	311	607
43 	88    	339.18	311	507
44 	92    	348.86	311	524
45 	95    	330.52	311	509
46 	93    	356.65	311	609
47 	92    	344.36	311	534
48 	93    	343.69	311	537
49 	95    	340.28	311	566
50 	89    	341.75	311	549
51 	95    	350.77	311	545
52 	90    	335.94	311	597
53 	92    	340.96	311	509
54 	90    	340.69	311	585
55 	91    	343.77	311	502
56 	92    	339.48	311	495
57 	97    	343.73	311	531
58 	96    	342.59	311	621
59 	92    	333.72	311	565
60 	96    	339.51	311	585
61 	89    	347.02	311	536
62 	94    	340.12	311	502
63 	91    	350.26	311	618
64 	90    	339.87	311	609
65 	90    	339.46	311	532
66 	86    	341.81	311	549
67 	95    	344   	311	525
68 	90    	333.87	311	489
69 	92    	345.25	311	507
70 	94    	340.39	311	571
71 	92    	345.36	311	512
72 	89    	343.04	311	508
73 	92    	338.94	311	573
74 	88    	339.4 	311	519
75 	91    	336.46	311	509
76 	91    	327.97	311	495
77 	92    	339.23	311	548
78 	88    	335.54	311	509
79 	95    	346.72	311	561
80 	93    	342.8 	311	582
81 	92    	348.43	311	556
82 	86    	343.93	311	522
83 	93    	341.05	311	578
84 	90    	336.57	311	516
85 	93    	338.69	311	582
86 	90    	339.14	311	511
87 	91    	334.18	311	489
88 	91    	340.94	311	646
89 	92    	343.94	311	529
90 	87    	350.04	311	563
91 	90    	338.62	311	600
92 	94    	357.9 	311	600
93 	91    	344.98	311	598
94 	90    	338.46	311	503
95 	92    	334.1 	311	553
96 	92    	346.13	311	539
97 	93    	347.56	311	574
98 	94    	348.21	311	529
99 	91    	336.84	311	509
100	93    	333.42	311	511
-------------------- 20 ---------------------
log: gen	nevals	mean  	min	max
0  	100   	545.49	372	649
1  	92    	505.21	382	644
2  	94    	483.57	382	631
3  	90    	472.57	382	618
4  	92    	456.53	352	597
5  	95    	446.59	352	605
6  	96    	440.85	334	611
7  	91    	428.84	311	615
8  	93    	409.17	311	562
9  	95    	395.2 	306	500
10 	95    	388.84	311	547
11 	87    	382.63	306	641
12 	96    	367.36	306	646
13 	88    	350.91	306	576
14 	86    	341.92	311	509
15 	88    	339.54	311	509
16 	89    	329.78	311	476
17 	93    	332.21	311	509
18 	92    	347.04	311	558
19 	96    	329.96	311	495
20 	93    	348.67	311	545
21 	90    	339.57	311	525
22 	93    	347.61	311	541
23 	95    	341.93	311	563
24 	88    	345.56	311	546
25 	90    	345.44	311	572
26 	90    	346.44	311	550
27 	89    	334.84	311	545
28 	96    	346.13	311	607
29 	90    	336.36	311	558
30 	92    	340.35	311	571
31 	87    	334.01	311	495
32 	94    	346.73	311	613
33 	90    	340.48	311	556
34 	85    	335.51	311	509
35 	87    	346.01	311	590
36 	85    	351.89	311	641
37 	92    	342.34	311	542
38 	95    	334.15	311	512
39 	89    	347.83	311	566
40 	86    	335.15	311	600
41 	93    	342.99	311	545
42 	95    	335.74	311	510
43 	88    	341.15	311	509
44 	84    	330.06	311	502
45 	95    	344.47	311	659
46 	98    	333.26	311	528
47 	91    	340.36	311	542
48 	91    	344.21	311	515
49 	92    	331.01	311	484
50 	91    	345.23	311	550
51 	91    	347.12	311	641
52 	88    	334.15	311	481
53 	89    	340.41	311	581
54 	94    	334.74	311	504
55 	86    	338.12	311	502
56 	89    	337.6 	311	502
57 	91    	346   	311	554
58 	93    	352.75	311	610
59 	91    	338.44	311	509
60 	91    	348.42	311	525
61 	91    	338.43	311	499
62 	90    	343.9 	311	589
63 	92    	333.79	311	502
64 	92    	350.67	311	512
65 	85    	348.6 	311	600
66 	90    	345.1 	311	526
67 	92    	349.46	311	509
68 	92    	336.39	311	495
69 	87    	342.44	311	509
70 	89    	333.93	311	582
71 	89    	339.28	311	641
72 	88    	336.79	311	659
73 	87    	353.69	311	567
74 	86    	339.28	311	558
75 	92    	344.68	311	509
76 	84    	340.63	311	529
77 	90    	332.12	311	535
78 	82    	338.93	311	539
79 	90    	343.37	311	527
80 	84    	326.94	311	598
81 	89    	329.87	311	613
82 	93    	341.04	311	612
83 	93    	344.5 	311	609
84 	97    	343.86	311	502
85 	90    	337.16	311	570
86 	93    	338.37	311	558
87 	96    	354.52	311	612
88 	86    	336.7 	311	495
89 	91    	344.58	311	558
90 	91    	344   	311	550
91 	93    	341.14	311	600
92 	89    	342.26	311	528
93 	97    	341.02	311	552
94 	92    	349.79	311	537
95 	87    	342.5 	311	541
96 	90    	335.12	311	495
97 	90    	339.13	311	551
98 	90    	347.22	311	543
99 	90    	331.46	311	566
100	85    	334.18	311	503
-------------------- 21 ---------------------
log: gen	nevals	mean  	min	max
0  	100   	550.85	419	675
1  	92    	511.05	410	618
2  	92    	495.01	396	609
3  	94    	475.15	354	569
4  	89    	461.54	359	574
5  	89    	441.62	337	578
6  	92    	431.35	324	602
7  	89    	412.69	343	601
8  	92    	394.67	341	601
9  	95    	390.95	341	603
10 	92    	394.01	337	555
11 	85    	379.59	325	526
12 	92    	376.82	319	537
13 	90    	381.06	319	532
14 	85    	383.72	306	564
15 	90    	378.54	306	528
16 	96    	364.21	306	526
17 	94    	353.1 	306	514
18 	91    	337.59	306	537
19 	90    	340.11	306	514
20 	95    	349.33	306	566
21 	90    	334.27	306	539
22 	92    	344.21	306	574
23 	92    	340.58	306	595
24 	94    	334.07	306	564
25 	82    	333.27	306	555
26 	90    	346.17	306	594
27 	92    	340.46	306	577
28 	91    	343.73	306	563
29 	94    	339.6 	306	557
30 	86    	336.19	306	563
31 	92    	338.27	306	497
32 	89    	346.95	306	607
33 	91    	332.82	306	513
34 	92    	334.75	306	557
35 	84    	332.15	306	547
36 	92    	341.01	306	536
37 	94    	322.55	306	574
38 	83    	334.77	306	520
39 	90    	340.26	306	615
40 	89    	338.58	306	632
41 	96    	338.19	306	553
42 	93    	340.69	306	568
43 	89    	344.52	306	600
44 	92    	335.95	306	563
45 	85    	331.48	306	536
46 	93    	333.24	306	505
47 	93    	332.63	306	605
48 	94    	333.51	306	579
49 	88    	335.39	306	565
50 	93    	328.61	306	490
51 	94    	339.32	306	528
52 	86    	344.78	306	532
53 	89    	341.51	306	624
54 	96    	340.86	306	522
55 	93    	332.1 	306	529
56 	97    	328.19	306	490
57 	93    	344.56	306	614
58 	90    	332.36	306	563
59 	96    	336.38	306	538
60 	91    	349.12	306	588
61 	91    	340.73	306	620
62 	92    	332.86	306	497
63 	95    	328.87	306	581
64 	87    	336.87	306	619
65 	94    	339.1 	306	591
66 	85    	331.36	306	584
67 	89    	333.68	306	535
68 	88    	329.32	306	504
69 	90    	347.49	306	557
70 	91    	331.54	306	490
71 	86    	343.28	306	595
72 	95    	329.21	306	504
73 	92    	334.27	306	534
74 	91    	331.91	306	546
75 	86    	337.56	306	562
76 	94    	337.61	306	497
77 	94    	339.83	306	523
78 	91    	336.46	306	512
79 	85    	329.57	306	524
80 	88    	333.91	306	559
81 	86    	334.46	306	534
82 	93    	322.8 	306	471
83 	90    	340.16	306	579
84 	91    	332.03	306	509
85 	90    	336.82	306	532
86 	94    	347.36	306	573
87 	94    	334.91	306	514
88 	90    	343.79	306	591
89 	92    	340.48	306	589
90 	91    	337.5 	306	504
91 	86    	328.77	306	501
92 	88    	330.2 	306	516
93 	90    	332.95	306	508
94 	93    	334.51	306	514
95 	94    	340.62	306	550
96 	88    	340.42	306	550
97 	91    	339.92	306	553
98 	92    	334.91	306	504
99 	94    	348.19	306	600
100	82    	326.48	306	588
-------------------- 22 ---------------------
log: gen	nevals	mean  	min	max
0  	100   	543.86	407	650
1  	86    	506.83	401	604
2  	93    	484.98	387	603
3  	92    	469.22	374	582
4  	95    	458.83	328	585
5  	89    	453.2 	328	587
6  	91    	437.85	355	623
7  	82    	423.24	352	567
8  	90    	419.46	340	594
9  	91    	419.47	340	593
10 	91    	416.64	340	588
11 	89    	414.03	340	606
12 	89    	400.21	340	615
13 	89    	382.86	340	552
14 	89    	358.91	340	497
15 	90    	364.54	336	574
16 	96    	375.32	327	528
17 	93    	369.61	327	579
18 	93    	364.7 	327	496
19 	94    	360.5 	327	504
20 	89    	357.33	327	560
21 	85    	352.6 	327	512
22 	98    	340.88	327	497
23 	89    	358.2 	327	540
24 	93    	353.69	327	512
25 	90    	353.2 	327	535
26 	94    	351.41	327	624
27 	95    	354.3 	327	606
28 	89    	351.47	327	532
29 	93    	349.49	327	562
30 	90    	356.33	327	511
31 	94    	350.02	327	542
32 	91    	353.27	327	627
33 	87    	357.95	327	549
34 	93    	354.35	327	639
35 	94    	354.47	327	639
36 	89    	348.7 	327	567
37 	92    	349.75	327	532
38 	94    	356.57	327	551
39 	91    	354.93	327	583
40 	85    	359.13	327	497
41 	96    	357.47	327	588
42 	84    	349.29	327	548
43 	90    	356.52	327	554
44 	92    	351.14	327	616
45 	91    	358.69	327	521
46 	94    	350.93	327	498
47 	94    	360.4 	327	600
48 	93    	356.17	327	558
49 	92    	351.36	327	485
50 	92    	350.96	327	533
51 	87    	350.67	327	501
52 	89    	355.59	327	531
53 	87    	353.34	327	511
54 	92    	351.42	327	622
55 	92    	351.76	327	569
56 	94    	354.56	327	553
57 	90    	354.4 	327	565
58 	88    	352.92	327	563
59 	90    	350.34	327	517
60 	95    	352.42	327	613
61 	96    	350.82	327	553
62 	89    	356.46	327	554
63 	89    	353.39	327	552
64 	95    	351.11	327	489
65 	93    	352.76	327	542
66 	91    	360.73	327	607
67 	93    	355.95	327	569
68 	95    	353.37	327	485
69 	86    	355.25	327	574
70 	91    	357.17	324	564
71 	93    	353.7 	324	507
72 	97    	360.22	324	550
73 	89    	353.58	324	595
74 	94    	358.13	324	527
75 	92    	356.98	324	541
76 	87    	361.96	324	601
77 	89    	351.58	324	558
78 	87    	350.82	324	587
79 	89    	338.17	324	511
80 	94    	355.06	324	519
81 	91    	355.07	324	562
82 	84    	356.92	324	544
83 	88    	347.63	324	496
84 	97    	361.24	324	565
85 	92    	347.8 	324	496
86 	95    	347.48	324	501
87 	97    	359.85	324	549
88 	95    	352.35	324	593
89 	89    	350.08	324	623
90 	93    	351.69	324	602
91 	87    	350.4 	324	609
92 	89    	356.2 	324	530
93 	90    	348.68	324	526
94 	88    	349.4 	324	486
95 	93    	355.74	324	561
96 	91    	350.8 	324	551
97 	90    	350.66	324	635
98 	92    	353.31	324	496
99 	89    	359.99	324	567
100	91    	347.22	324	519
-------------------- 23 ---------------------
log: gen	nevals	mean  	min	max
0  	100   	549.1 	420	694
1  	91    	508.15	420	619
2  	88    	484.13	406	594
3  	92    	459.72	385	607
4  	91    	454.43	352	636
5  	90    	440.63	340	582
6  	83    	438.84	352	569
7  	96    	434.92	340	600
8  	89    	414.15	319	538
9  	90    	408.57	319	583
10 	94    	398.02	319	577
11 	90    	368.96	306	520
12 	87    	362.17	306	557
13 	93    	352.65	306	532
14 	96    	356.96	306	637
15 	91    	346.86	306	490
16 	82    	339.72	306	620
17 	89    	340.48	306	546
18 	90    	331.54	306	504
19 	96    	339.54	306	571
20 	93    	352.84	306	630
21 	88    	346.31	306	593
22 	90    	339.98	306	620
23 	92    	354.2 	306	597
24 	89    	336.59	306	598
25 	92    	339.18	306	518
26 	89    	338.05	306	525
27 	88    	331.36	306	497
28 	96    	338.23	306	527
29 	92    	339.3 	306	557
30 	86    	333.81	306	562
31 	91    	335.5 	306	502
32 	89    	330.88	306	504
33 	94    	333.15	306	504
34 	94    	343.67	306	565
35 	92    	352.61	306	543
36 	89    	332.24	306	553
37 	96    	337.74	306	572
38 	91    	329.91	306	504
39 	93    	339.07	306	509
40 	93    	327.37	306	490
41 	88    	342.54	306	572
42 	86    	344.02	306	589
43 	93    	331.25	306	522
44 	86    	329.84	306	581
45 	92    	340.9 	306	597
46 	96    	329.23	306	497
47 	89    	331.94	306	540
48 	86    	340.19	306	573
49 	90    	342.9 	306	555
50 	88    	341.83	306	535
51 	90    	338.29	306	557
52 	91    	341.05	306	539
53 	88    	338.75	306	510
54 	91    	346.23	306	558
55 	94    	340.8 	306	504
56 	92    	334.71	306	517
57 	93    	340.44	306	573
58 	89    	337.88	306	497
59 	92    	356.62	306	512
60 	90    	339.95	306	529
61 	94    	335.32	306	536
62 	92    	342.48	306	589
63 	91    	331.13	306	504
64 	87    	321.21	306	512
65 	90    	340.26	306	534
66 	90    	344.91	306	562
67 	94    	336.7 	306	512
68 	97    	346.74	306	579
69 	87    	332.52	306	493
70 	91    	332.82	306	504
71 	84    	338.86	306	559
72 	94    	332.27	306	564
73 	89    	339.93	306	526
74 	95    	331.59	306	603
75 	87    	333.27	306	659
76 	96    	335.16	306	549
77 	93    	339.35	306	537
78 	91    	343.41	306	584
79 	92    	340.96	306	497
80 	92    	348.31	306	576
81 	91    	339.03	306	633
82 	89    	340.91	306	505
83 	88    	341.94	306	536
84 	89    	332.99	306	598
85 	95    	334.4 	306	546
86 	91    	330.1 	306	490
87 	90    	342.91	306	633
88 	89    	337.8 	306	497
89 	91    	348.48	306	543
90 	94    	343.32	306	523
91 	97    	343.73	306	524
92 	88    	331.43	306	607
93 	93    	342.9 	306	557
94 	93    	343.39	306	557
95 	92    	337.01	306	504
96 	93    	338.93	306	537
97 	93    	331.12	306	489
98 	93    	339.52	306	504
99 	90    	336.64	306	579
100	94    	332.24	306	529
-------------------- 24 ---------------------
log: gen	nevals	mean  	min	max
0  	100   	549.16	415	673
1  	97    	503.54	372	616
2  	84    	475.13	372	598
3  	90    	461.06	359	597
4  	91    	450.1 	365	591
5  	95    	431.46	340	573
6  	92    	430.96	340	573
7  	91    	422.5 	340	553
8  	91    	414.01	330	581
9  	93    	406.84	312	544
10 	92    	403.2 	312	618
11 	84    	405.61	312	676
12 	96    	384.57	312	621
13 	86    	376.5 	312	573
14 	90    	357.69	312	561
15 	92    	351.79	312	532
16 	89    	347.64	312	560
17 	89    	331.61	312	507
18 	92    	342.97	312	503
19 	95    	346.42	312	509
20 	90    	344.6 	312	591
21 	87    	332.42	312	501
22 	92    	350.4 	312	510
23 	92    	339.44	312	496
24 	89    	345.66	312	535
25 	82    	339.86	312	513
26 	86    	345.58	312	553
27 	94    	344.7 	312	536
28 	89    	334.36	312	514
29 	94    	332.09	312	585
30 	85    	344.36	312	578
31 	95    	354.36	312	578
32 	86    	344.18	312	584
33 	90    	341.26	312	582
34 	94    	347.95	312	558
35 	93    	332.87	312	559
36 	83    	341.61	312	597
37 	89    	339.82	312	542
38 	94    	345.29	312	573
39 	98    	352.74	312	560
40 	96    	349.31	312	516
41 	90    	333.97	312	552
42 	85    	335.85	312	499
43 	89    	339.18	312	510
44 	90    	342.15	312	500
45 	93    	335.41	312	546
46 	91    	350.41	312	544
47 	96    	340.25	312	598
48 	91    	341.52	312	549
49 	87    	350.19	312	613
50 	92    	352.01	312	584
51 	85    	346.17	312	621
52 	87    	340.81	312	527
53 	96    	341.42	312	510
54 	92    	339.27	312	509
55 	90    	337.83	312	503
56 	91    	344.63	312	510
57 	91    	336.39	312	510
58 	90    	331.22	312	536
59 	94    	341.54	312	578
60 	91    	344.63	312	510
61 	94    	353.58	312	542
62 	96    	340.24	312	507
63 	93    	336.17	312	490
64 	92    	333.44	312	526
65 	90    	329.85	312	549
66 	91    	344.9 	312	593
67 	96    	343.54	312	532
68 	94    	358.48	312	576
69 	91    	344.77	312	510
70 	90    	335.07	312	513
71 	92    	349.05	312	538
72 	93    	348.29	312	572
73 	94    	348.35	312	591
74 	94    	343.67	312	516
75 	94    	338.03	312	581
76 	86    	341.46	312	594
77 	87    	345.07	312	626
78 	91    	341.89	312	544
79 	87    	351.06	312	608
80 	86    	340.21	312	510
81 	91    	338.14	312	626
82 	91    	343.96	312	560
83 	92    	342.27	312	510
84 	87    	343.85	312	513
85 	90    	344.31	312	581
86 	94    	344.7 	312	584
87 	88    	337.29	312	565
88 	94    	341.99	312	531
89 	92    	339.37	312	608
90 	90    	355.1 	312	610
91 	93    	358.96	312	660
92 	94    	343.19	312	513
93 	82    	340.38	312	575
94 	89    	344.33	312	578
95 	93    	342.91	312	518
96 	92    	351.65	312	588
97 	85    	337.46	312	542
98 	92    	341.29	312	620
99 	96    	348.4 	312	595
100	92    	351.15	312	544
-------------------- 25 ---------------------
log: gen	nevals	mean  	min	max
0  	100   	555.25	417	666
1  	92    	515.96	419	608
2  	85    	488.73	415	631
3  	88    	472.81	405	600
4  	87    	469.83	365	587
5  	91    	462.07	353	591
6  	88    	455.29	343	578
7  	89    	446.2 	343	596
8  	95    	430.97	351	580
9  	87    	411.36	351	584
10 	88    	401.84	317	520
11 	89    	406.67	317	570
12 	85    	385.17	317	506
13 	84    	377.64	317	553
14 	91    	362.11	317	480
15 	92    	378.52	317	608
16 	92    	365.7 	317	552
17 	90    	354.3 	317	578
18 	90    	347.04	317	544
19 	87    	342.03	317	523
20 	93    	350.83	317	535
21 	91    	347.43	317	508
22 	96    	348.08	317	528
23 	87    	340.67	317	549
24 	91    	340.49	317	525
25 	99    	344.39	317	540
26 	95    	341.22	317	556
27 	89    	347.05	317	616
28 	91    	351.7 	317	580
29 	86    	338.19	317	508
30 	88    	340   	317	569
31 	97    	350.63	317	613
32 	93    	350.61	317	606
33 	93    	351.65	317	609
34 	89    	343.4 	317	508
35 	89    	357.66	317	578
36 	93    	340.84	317	523
37 	92    	344.1 	317	513
38 	91    	350   	317	535
39 	93    	344.68	317	558
40 	87    	347.31	317	575
41 	93    	340.9 	317	518
42 	95    	339.82	317	569
43 	94    	344.64	317	618
44 	88    	350.69	317	598
45 	96    	349.38	317	566
46 	92    	345.75	317	513
47 	95    	345.24	317	618
48 	97    	352.75	317	521
49 	93    	346.33	317	513
50 	93    	348.23	317	529
51 	97    	346.99	317	579
52 	95    	342.99	317	508
53 	91    	349.24	317	515
54 	92    	345.76	317	508
55 	86    	352.49	317	564
56 	89    	338.43	317	501
57 	92    	356.39	317	598
58 	91    	340.92	317	577
59 	94    	356.32	317	576
60 	85    	353.7 	317	527
61 	91    	349.67	317	568
62 	94    	345.62	317	562
63 	88    	339.11	317	530
64 	88    	339.59	317	515
65 	87    	343.64	317	563
66 	97    	349.56	317	515
67 	89    	339.22	317	570
68 	90    	339.88	317	503
69 	93    	352.13	317	515
70 	94    	349.11	317	557
71 	86    	346.2 	317	575
72 	94    	344.99	317	601
73 	90    	342.69	317	547
74 	92    	341.38	317	514
75 	89    	343.22	317	515
76 	94    	341.57	317	631
77 	93    	352.22	317	562
78 	94    	338.73	317	530
79 	90    	349.29	317	569
80 	93    	346.08	317	531
81 	94    	345.43	317	515
82 	90    	350.82	317	508
83 	88    	344.48	317	569
84 	88    	348.5 	317	553
85 	90    	347.75	317	593
86 	92    	351.71	317	566
87 	90    	355.08	317	536
88 	97    	353.83	317	575
89 	97    	350.09	317	554
90 	87    	345.72	317	631
91 	90    	348.98	317	553
92 	95    	350.66	317	508
93 	93    	345.81	317	523
94 	95    	357.94	317	533
95 	92    	351.59	317	570
96 	87    	346.72	317	627
97 	96    	347.85	317	616
98 	96    	346.85	317	565
99 	89    	346.6 	317	598
100	87    	344.72	317	519
-------------------- 26 ---------------------
log: gen	nevals	mean  	min	max
0  	100   	547.08	409	684
1  	94    	505.01	374	623
2  	94    	487.21	374	601
3  	94    	478.13	346	634
4  	92    	449.84	346	553
5  	90    	439.42	331	579
6  	92    	441.06	333	612
7  	89    	424.29	333	548
8  	91    	421.2 	333	618
9  	92    	418.9 	323	552
10 	94    	395.8 	323	555
11 	88    	387.48	323	612
12 	93    	387.15	323	620
13 	91    	380.93	323	548
14 	95    	373.04	323	548
15 	94    	380.78	323	586
16 	89    	369.49	323	563
17 	93    	366.59	323	624
18 	93    	359.87	323	564
19 	85    	358.79	323	557
20 	90    	349.91	323	514
21 	90    	356.12	323	592
22 	90    	353.22	323	514
23 	84    	365.21	323	514
24 	86    	352.51	323	501
25 	93    	350.67	323	570
26 	89    	358.16	323	553
27 	91    	344.55	323	501
28 	92    	355.95	323	573
29 	88    	346.93	323	569
30 	87    	356.9 	323	539
31 	88    	354.77	323	549
32 	89    	351.58	323	521
33 	95    	349.29	323	558
34 	92    	353.94	323	563
35 	94    	355.57	323	563
36 	95    	357.31	323	545
37 	87    	343.71	323	525
38 	87    	355.11	323	603
39 	87    	351.25	323	521
40 	90    	344.17	323	525
41 	89    	340.05	323	506
42 	90    	350.15	323	542
43 	92    	356.19	323	561
44 	91    	358.21	323	571
45 	91    	348.15	323	565
46 	82    	346.27	323	545
47 	93    	347.72	323	521
48 	89    	355.29	323	521
49 	88    	359.76	323	548
50 	88    	360.21	323	614
51 	90    	349.24	323	501
52 	91    	360.86	323	562
53 	91    	352.16	323	531
54 	91    	350.51	323	575
55 	95    	349.88	323	595
56 	94    	352.5 	323	598
57 	90    	339.55	323	521
58 	93    	352.64	323	578
59 	91    	347.96	323	521
60 	91    	358.19	323	575
61 	93    	353.49	323	627
62 	94    	356.07	323	542
63 	93    	351.27	323	597
64 	87    	349.13	323	617
65 	95    	354.79	323	521
66 	92    	353.26	323	521
67 	88    	347.39	323	514
68 	93    	347.93	323	591
69 	91    	354.51	323	523
70 	89    	344.21	323	536
71 	82    	345.76	323	559
72 	91    	347.71	323	571
73 	91    	347.41	323	570
74 	91    	352.52	323	521
75 	90    	350.58	323	542
76 	93    	353.88	323	534
77 	90    	353.98	323	538
78 	90    	352.72	323	537
79 	90    	346.99	323	527
80 	91    	353.85	323	601
81 	92    	348.94	323	530
82 	89    	350.68	323	521
83 	93    	346.87	323	558
84 	89    	349.51	323	542
85 	86    	350.22	323	525
86 	93    	350.75	323	534
87 	90    	349.98	323	531
88 	93    	362.07	323	595
89 	91    	353.24	323	577
90 	96    	351.47	323	601
91 	88    	346.17	323	535
92 	95    	341.64	323	555
93 	93    	348.21	323	514
94 	86    	350.8 	323	572
95 	90    	358.68	323	530
96 	86    	351.08	323	555
97 	93    	365.73	323	525
98 	87    	357.01	323	554
99 	90    	341.98	323	492
100	91    	337.93	323	521
-------------------- 27 ---------------------
log: gen	nevals	mean  	min	max
0  	100   	545   	418	647
1  	91    	515.08	396	635
2  	90    	487.9 	391	624
3  	85    	465.88	391	570
4  	90    	454.26	374	578
5  	91    	453.58	361	592
6  	93    	456.98	361	668
7  	85    	433.32	340	571
8  	91    	434.65	340	587
9  	96    	419.66	340	532
10 	90    	418.47	340	570
11 	88    	414.68	338	564
12 	89    	406.29	338	584
13 	91    	400.71	338	530
14 	94    	406.78	338	575
15 	84    	396.82	338	623
16 	93    	381.94	312	583
17 	93    	387.52	312	566
18 	95    	379.07	312	613
19 	84    	367.64	312	585
20 	85    	360.78	312	589
21 	89    	339.91	312	535
22 	91    	351.61	312	573
23 	90    	359.06	312	614
24 	94    	353.19	312	580
25 	95    	337.35	312	571
26 	91    	357.56	312	598
27 	94    	341.92	312	548
28 	89    	344.79	312	528
29 	93    	351.78	312	557
30 	90    	338.98	312	530
31 	85    	340.71	312	519
32 	91    	343.04	312	554
33 	88    	349.65	312	525
34 	95    	344.44	312	505
35 	93    	348.27	312	527
36 	90    	335.92	312	510
37 	89    	345.22	312	536
38 	88    	330.62	312	463
39 	90    	340.99	312	577
40 	87    	336.44	312	526
41 	91    	342.28	312	547
42 	89    	338.01	312	498
43 	90    	337.39	312	510
44 	94    	339.67	312	542
45 	91    	338.63	312	581
46 	94    	346.15	312	580
47 	83    	337.18	312	499
48 	89    	342.41	312	510
49 	92    	340.85	312	575
50 	96    	346.77	312	604
51 	92    	341.56	312	507
52 	88    	333.63	312	477
53 	92    	343.86	312	516
54 	95    	347.6 	312	537
55 	92    	327.41	312	498
56 	92    	347.07	312	563
57 	91    	342.21	312	512
58 	90    	348.57	312	537
59 	88    	335.85	312	503
60 	95    	341.44	312	540
61 	92    	350.97	312	513
62 	95    	335   	312	510
63 	89    	339.33	312	578
64 	90    	344.5 	312	559
65 	91    	344.5 	312	598
66 	91    	346.48	312	569
67 	92    	335.6 	312	582
68 	95    	341.86	312	496
69 	89    	349.32	312	634
70 	85    	333.32	312	600
71 	81    	333.73	312	565
72 	90    	343.87	312	578
73 	94    	336.45	312	509
74 	88    	337.79	312	577
75 	84    	341.1 	312	609
76 	93    	338.98	312	527
77 	94    	355.31	312	616
78 	90    	335.16	312	525
79 	94    	335.75	312	510
80 	86    	344.74	312	585
81 	94    	337.73	312	496
82 	88    	335.33	312	514
83 	89    	340.2 	312	578
84 	91    	342.45	312	597
85 	92    	338.78	312	490
86 	96    	346.72	312	578
87 	93    	344.61	312	584
88 	90    	347.95	312	510
89 	93    	340.39	312	561
90 	95    	335.13	312	503
91 	91    	351.96	312	528
92 	89    	332.89	312	503
93 	88    	345.54	312	573
94 	91    	337.18	312	546
95 	89    	340.71	312	518
96 	90    	337.64	312	589
97 	90    	338.34	312	520
98 	86    	340.92	312	536
99 	91    	341.56	312	554
100	87    	337.51	312	509
-------------------- 28 ---------------------
log: gen	nevals	mean  	min	max
0  	100   	536.68	417	644
1  	94    	501.3 	401	610
2  	91    	492.94	323	618
3  	93    	472.18	323	604
4  	93    	454.14	323	618
5  	92    	442.07	323	572
6  	90    	417.16	323	605
7  	95    	397.67	323	580
8  	92    	393.58	323	670
9  	87    	366.59	317	551
10 	92    	351.68	317	527
11 	92    	354.74	317	622
12 	89    	363.37	317	610
13 	93    	358.32	317	570
14 	91    	345.26	317	522
15 	92    	352.87	317	515
16 	88    	348.35	317	515
17 	89    	348.51	317	568
18 	96    	353.57	317	551
19 	89    	350.83	317	569
20 	88    	342.71	317	509
21 	97    	352.78	317	639
22 	85    	339.5 	317	562
23 	93    	352.3 	317	578
24 	94    	352.25	317	563
25 	98    	351.63	317	557
26 	89    	360.91	317	521
27 	94    	349.67	317	606
28 	91    	341.74	317	516
29 	95    	337.68	317	508
30 	83    	342.46	317	496
31 	91    	342.5 	317	514
32 	91    	345.19	317	536
33 	90    	335.9 	317	501
34 	87    	339.11	317	523
35 	88    	346.1 	317	580
36 	92    	346.98	317	559
37 	89    	344.58	317	562
38 	97    	345.36	317	547
39 	89    	342.19	317	631
40 	91    	350.28	317	598
41 	94    	347.56	317	554
42 	91    	335.15	317	515
43 	87    	347   	317	557
44 	87    	348.4 	317	499
45 	88    	339.38	317	508
46 	91    	350.36	317	597
47 	90    	338.42	317	601
48 	88    	349.19	317	616
49 	93    	352.8 	317	558
50 	93    	358.14	317	579
51 	90    	351.33	317	567
52 	91    	342.68	317	501
53 	95    	349.91	317	513
54 	90    	345.45	317	515
55 	93    	330.21	317	535
56 	88    	342.24	317	569
57 	91    	348.04	317	575
58 	90    	349.83	317	616
59 	94    	349.78	317	527
60 	93    	340.13	317	501
61 	92    	346.38	317	508
62 	86    	338.57	317	574
63 	92    	350.85	317	550
64 	90    	344.54	317	527
65 	95    	355.18	317	639
66 	89    	350.96	317	642
67 	94    	346.65	317	521
68 	92    	340.87	317	595
69 	88    	353.29	317	556
70 	96    	342.13	317	542
71 	87    	346.02	317	530
72 	95    	348.18	317	631
73 	92    	344.5 	317	554
74 	91    	351.33	317	566
75 	93    	348.06	317	529
76 	91    	341.96	317	526
77 	91    	346.55	317	670
78 	86    	351.4 	317	526
79 	90    	349.56	317	515
80 	92    	349.48	317	541
81 	88    	348.73	317	542
82 	98    	344.95	317	539
83 	90    	341.77	317	569
84 	89    	348.2 	317	546
85 	90    	346.42	317	522
86 	95    	351.76	317	593
87 	97    	343.12	317	527
88 	93    	349.56	317	613
89 	92    	357.6 	317	569
90 	90    	346.6 	317	565
91 	92    	347.46	317	571
92 	89    	344.45	317	520
93 	90    	343.23	317	579
94 	98    	345.95	317	562
95 	89    	348.91	317	575
96 	94    	340.74	317	567
97 	90    	358.02	317	646
98 	90    	344.89	317	544
99 	88    	341.81	317	577
100	92    	346.76	317	524
-------------------- 29 ---------------------
log: gen	nevals	mean  	min	max
0  	100   	557.04	427	641
1  	90    	520.01	396	640
2  	93    	492.3 	395	649
3  	91    	466.79	384	597
4  	86    	444.97	349	631
5  	94    	437.95	336	615
6  	89    	431.96	332	597
7  	85    	403.35	332	551
8  	93    	388.93	332	587
9  	89    	380.57	317	579
10 	91    	372.76	317	552
11 	92    	357.06	317	546
12 	93    	352.89	317	574
13 	91    	349.69	317	496
14 	88    	346.02	317	556
15 	95    	342.75	317	523
16 	87    	349.15	317	554
17 	94    	343.64	317	537
18 	94    	354.82	317	611
19 	94    	352.73	317	559
20 	91    	340.21	317	537
21 	89    	345.15	317	553
22 	92    	339.71	317	533
23 	93    	343.23	317	618
24 	88    	337.42	317	510
25 	92    	335.37	317	510
26 	91    	342.17	317	508
27 	91    	343.51	317	501
28 	89    	341.13	317	561
29 	96    	345.41	317	542
30 	88    	344.06	317	564
31 	94    	353.79	317	571
32 	97    	349.42	317	592
33 	90    	349.92	317	566
34 	90    	348.69	317	564
35 	87    	344.22	317	502
36 	90    	348.33	317	524
37 	89    	351.66	317	605
38 	88    	343.47	317	593
39 	91    	349.55	317	577
40 	95    	349.53	317	592
41 	88    	339.62	317	508
42 	94    	347.08	317	609
43 	90    	350.05	317	579
44 	92    	352.35	317	547
45 	89    	349.46	317	515
46 	94    	350.98	317	631
47 	97    	353.63	317	549
48 	94    	344.08	317	515
49 	95    	353.77	317	586
50 	89    	348.31	317	601
51 	88    	337.57	317	515
52 	93    	349.06	317	598
53 	88    	345.55	317	522
54 	95    	355.1 	317	527
55 	92    	351.79	317	572
56 	89    	350.59	317	527
57 	90    	343.84	317	553
58 	87    	343.1 	317	550
59 	91    	344.68	317	554
60 	88    	352.59	317	554
61 	92    	342.12	317	514
62 	92    	347.52	317	515
63 	90    	341.79	317	501
64 	92    	353.5 	317	566
65 	94    	351.54	317	532
66 	85    	347.52	317	603
67 	85    	339.75	317	533
68 	91    	353.26	317	631
69 	88    	347.14	317	515
70 	88    	350.31	317	631
71 	90    	351.36	317	515
72 	93    	342.36	317	515
73 	90    	343.69	317	625
74 	87    	339.63	317	560
75 	90    	343.07	317	503
76 	86    	340.35	317	527
77 	89    	352.21	317	572
78 	89    	337.43	317	501
79 	93    	348.49	317	590
80 	92    	341.4 	317	513
81 	91    	340.16	317	540
82 	94    	347.25	317	575
83 	88    	347.08	317	523
84 	97    	339.69	317	515
85 	92    	342.17	317	495
86 	85    	341.57	317	610
87 	89    	339.83	317	508
88 	92    	349.98	317	562
89 	94    	354.87	317	566
90 	94    	344.68	317	577
91 	91    	346.84	317	566
92 	94    	348.94	317	515
93 	93    	353.32	317	572
94 	85    	344.38	317	562
95 	96    	362.15	317	577
96 	93    	348.79	317	593
97 	95    	351.86	317	572
98 	91    	337.98	317	576
99 	93    	349.18	317	516
100	94    	342.8 	317	573
-------------------- 30 ---------------------
log: gen	nevals	mean  	min	max
0  	100   	539.28	420	644
1  	90    	510.52	396	628
2  	90    	484.24	383	598
3  	95    	463.36	369	582
4  	95    	453.56	366	631
5  	87    	440.8 	348	598
6  	87    	431.57	348	595
7  	91    	419.23	337	564
8  	88    	412.66	334	600
9  	92    	414.8 	334	621
10 	90    	398.9 	334	563
11 	94    	399.1 	334	529
12 	94    	390.71	334	555
13 	94    	380.15	334	566
14 	97    	353.79	334	494
15 	91    	369.26	334	621
16 	95    	362.36	334	524
17 	91    	362.06	334	591
18 	99    	360.94	334	532
19 	94    	364.86	334	564
20 	89    	359.96	334	518
21 	88    	368.97	334	614
22 	96    	361.64	334	527
23 	84    	353.99	334	631
24 	85    	370.86	334	548
25 	90    	355.31	334	549
26 	91    	371.81	334	596
27 	85    	359.21	334	569
28 	87    	368.87	334	587
29 	89    	356.12	334	563
30 	95    	358.95	334	549
31 	93    	367.72	334	609
32 	94    	353.59	334	518
33 	91    	364.82	334	563
34 	88    	358.85	334	613
35 	94    	358.51	334	571
36 	89    	361.3 	334	569
37 	90    	357.29	334	545
38 	85    	364.08	334	564
39 	90    	362.62	334	629
40 	88    	350.93	334	568
41 	94    	355.17	334	567
42 	92    	351.45	334	540
43 	94    	364.71	334	599
44 	91    	367   	334	588
45 	92    	365.61	334	605
46 	88    	357.97	334	518
47 	89    	355.08	334	512
48 	91    	348.26	334	518
49 	87    	354.18	334	540
50 	89    	364.38	334	569
51 	93    	362.37	334	550
52 	93    	366.81	334	583
53 	90    	367.24	334	550
54 	91    	362.45	334	648
55 	87    	362.25	334	537
56 	93    	363.43	334	574
57 	97    	363.86	334	567
58 	88    	355.3 	334	528
59 	92    	372.43	334	581
60 	91    	360.58	334	555
61 	88    	357.8 	334	600
62 	87    	357.31	334	518
63 	96    	361.75	334	565
64 	95    	361.85	334	555
65 	92    	363.11	334	532
66 	95    	354.62	334	579
67 	83    	363.72	334	532
68 	97    	360.22	334	504
69 	94    	358.38	334	517
70 	89    	354.68	334	532
71 	94    	363.13	334	593
72 	97    	355.79	334	491
73 	91    	356.43	334	532
74 	85    	357.19	334	534
75 	87    	363.26	334	494
76 	88    	360.83	334	532
77 	92    	358.88	334	549
78 	89    	360.91	334	499
79 	96    	371.89	334	553
80 	96    	361.14	334	574
81 	90    	364.45	334	573
82 	91    	361   	334	556
83 	95    	362.27	334	532
84 	88    	359.69	334	564
85 	88    	356.63	334	546
86 	87    	364.23	334	640
87 	93    	363.93	334	617
88 	96    	360.27	334	532
89 	92    	356.37	334	532
90 	91    	360.28	334	555
91 	89    	365.76	334	649
92 	91    	365.67	334	541
93 	86    	362.22	334	516
94 	89    	363.91	334	532
95 	90    	358.4 	334	557
96 	89    	356.53	334	503
97 	88    	363.81	334	567
98 	86    	362.02	334	518
99 	88    	361.49	334	494
100	91    	363.76	334	631
