----------- single_objective_10Cent_50 -----------
-------------------- 1 ---------------------
log: gen	nevals	mean  	min	max
0  	100   	554.95	373	689
1  	57    	506.64	373	640
2  	75    	482.38	360	670
3  	78    	452.04	324	629
4  	72    	433.02	324	580
5  	71    	410.77	324	579
6  	72    	400.6 	324	637
7  	69    	395.8 	324	563
8  	74    	383.76	324	616
9  	76    	367.79	324	613
10 	58    	353.03	324	570
11 	68    	342.71	324	536
12 	76    	346.12	324	519
13 	64    	342.83	324	493
14 	71    	345   	324	494
15 	67    	342.69	324	520
16 	82    	339.54	324	536
17 	77    	339.43	324	493
18 	72    	337.92	324	565
19 	64    	335.06	324	514
20 	79    	343.94	324	518
21 	72    	340.83	324	486
22 	65    	342.67	324	540
23 	58    	336.78	324	467
24 	71    	341.71	324	545
25 	69    	332.56	324	516
26 	61    	332.59	324	501
27 	66    	339.18	324	496
28 	70    	348.88	324	625
29 	70    	341.48	324	590
30 	60    	340.16	324	539
31 	66    	341.43	324	500
32 	71    	343.5 	324	561
33 	71    	346.9 	324	552
34 	63    	333.98	324	456
35 	76    	340.09	324	487
36 	64    	332.82	324	483
37 	68    	336.45	324	483
38 	57    	337.52	324	551
39 	60    	336.35	324	514
40 	77    	344.02	324	596
41 	72    	340.86	324	502
42 	61    	341.5 	324	540
43 	69    	331.82	324	483
44 	76    	342.1 	324	494
45 	71    	343.64	324	541
46 	55    	338.03	324	614
47 	77    	333.87	324	511
48 	79    	341.03	324	516
49 	74    	339.21	324	507
50 	66    	340.82	324	493
51 	59    	344.89	324	486
52 	77    	336.54	324	518
53 	64    	337.56	324	539
54 	70    	341.64	324	517
55 	67    	332.51	324	588
56 	74    	337.11	324	493
57 	63    	341.35	324	543
58 	71    	341.69	324	633
59 	68    	340.39	324	558
60 	74    	342.96	324	508
61 	72    	336.24	324	517
62 	66    	337.16	324	507
63 	70    	339.28	324	505
64 	84    	347.09	324	626
65 	77    	343.2 	324	550
66 	64    	343.95	324	520
67 	63    	335.25	324	493
68 	69    	340.77	324	564
69 	76    	339.05	324	522
70 	55    	337.15	324	538
71 	65    	340.56	324	613
72 	70    	346.06	324	535
73 	68    	340.83	324	566
74 	72    	338.45	324	521
75 	71    	342.98	324	493
76 	75    	349.08	324	522
77 	75    	345.32	324	479
78 	74    	341.41	324	508
79 	62    	333.57	324	467
80 	67    	341.27	324	583
81 	76    	340   	324	540
82 	73    	340.91	324	496
83 	68    	337.34	324	593
84 	75    	347.38	324	573
85 	70    	337.73	324	512
86 	67    	331.99	324	469
87 	74    	339.22	324	496
88 	82    	345.29	324	497
89 	75    	339.75	324	504
90 	55    	334.38	324	551
91 	70    	336.42	324	500
92 	76    	336.25	324	522
93 	71    	337.43	324	466
94 	67    	337.61	324	518
95 	64    	337.09	324	488
96 	82    	340.35	324	496
97 	61    	341.6 	324	522
98 	68    	337.38	324	536
99 	72    	339.52	324	580
100	69    	345.69	324	609
-------------------- 2 ---------------------
log: gen	nevals	mean  	min	max
0  	100   	540.71	417	683
1  	76    	494.35	417	599
2  	72    	479.27	414	652
3  	76    	472.53	357	606
4  	73    	460.51	357	582
5  	71    	430.33	357	559
6  	69    	412.9 	357	561
7  	66    	400.69	311	565
8  	77    	391.11	311	582
9  	71    	389.07	311	570
10 	81    	377.31	311	539
11 	63    	354.03	306	538
12 	77    	335.51	306	535
13 	73    	345.03	306	573
14 	73    	324.15	306	543
15 	61    	318.6 	306	555
16 	69    	328.62	306	497
17 	66    	325.9 	306	568
18 	68    	322.92	306	532
19 	68    	323.41	306	622
20 	76    	315.02	306	545
21 	79    	330.86	306	531
22 	74    	324.08	306	503
23 	68    	320.71	306	461
24 	63    	320.04	306	514
25 	66    	326.77	306	589
26 	67    	320.07	306	490
27 	67    	325.13	306	517
28 	82    	326.47	306	530
29 	72    	320.68	306	510
30 	66    	331.18	306	497
31 	74    	318.93	306	495
32 	64    	321.52	306	526
33 	57    	320.88	306	504
34 	66    	318.76	306	608
35 	67    	320.97	306	605
36 	74    	322.62	306	615
37 	69    	323.57	306	503
38 	71    	333.29	306	549
39 	64    	319.93	306	516
40 	74    	320.06	306	504
41 	61    	316.28	306	541
42 	68    	322.09	306	497
43 	70    	318.77	306	497
44 	68    	329.48	306	535
45 	68    	316.85	306	493
46 	72    	329.15	306	510
47 	79    	323.4 	306	495
48 	73    	326.08	306	580
49 	73    	324.19	306	525
50 	69    	320.31	306	528
51 	74    	321.27	306	523
52 	72    	328.2 	306	504
53 	68    	320.47	306	495
54 	65    	316.47	306	497
55 	68    	317.43	306	475
56 	75    	320.82	306	504
57 	78    	325.78	306	580
58 	70    	320.5 	306	471
59 	69    	327.72	306	539
60 	62    	318.9 	306	504
61 	82    	334.47	306	535
62 	66    	323.53	306	515
63 	68    	320.42	306	521
64 	67    	324.43	306	497
65 	62    	322.8 	306	504
66 	63    	318.97	306	553
67 	71    	321.57	306	526
68 	73    	319.85	306	497
69 	73    	327.67	306	557
70 	75    	316.04	306	521
71 	71    	327.73	306	536
72 	58    	317.45	306	472
73 	72    	319.8 	306	497
74 	63    	324.88	306	521
75 	64    	325.36	306	615
76 	70    	324.84	306	504
77 	73    	323.93	306	518
78 	72    	324.91	306	504
79 	61    	321.17	306	496
80 	68    	325.68	306	615
81 	71    	323.5 	306	567
82 	67    	323.33	306	527
83 	70    	327.45	306	527
84 	68    	320.17	306	503
85 	67    	319.5 	306	476
86 	69    	322.82	306	491
87 	73    	315.67	306	475
88 	76    	320.49	306	510
89 	73    	316.6 	306	490
90 	63    	320.28	306	504
91 	67    	320.25	306	471
92 	79    	317.9 	306	504
93 	69    	324.5 	306	516
94 	79    	317.92	306	475
95 	63    	319.75	306	595
96 	70    	326.04	306	521
97 	59    	321.97	306	535
98 	69    	325.06	306	514
99 	65    	326.91	306	595
100	74    	326.13	306	574
-------------------- 3 ---------------------
log: gen	nevals	mean  	min	max
0  	100   	552.75	406	670
1  	71    	508.52	406	600
2  	72    	469.15	397	578
3  	63    	458.6 	378	605
4  	79    	445.9 	373	649
5  	72    	418.6 	373	571
6  	71    	413.31	356	555
7  	69    	406.63	356	556
8  	79    	398.73	356	553
9  	74    	373.05	356	534
10 	78    	368.94	355	543
11 	70    	375.34	355	578
12 	70    	374.02	355	623
13 	76    	370.37	355	586
14 	75    	363   	317	513
15 	70    	363.57	317	525
16 	76    	362.88	317	553
17 	64    	343.71	317	592
18 	69    	341.54	317	642
19 	62    	331.76	317	477
20 	75    	332.37	317	513
21 	68    	340.82	317	536
22 	80    	338.67	317	523
23 	68    	339.07	317	546
24 	75    	336.65	317	513
25 	69    	330.34	317	554
26 	73    	337.55	317	524
27 	71    	336.46	317	508
28 	70    	331.66	317	495
29 	72    	330.25	317	495
30 	72    	334.1 	317	575
31 	58    	324.26	317	463
32 	67    	342.72	317	670
33 	58    	333.94	317	621
34 	62    	331.58	317	509
35 	63    	329.94	317	515
36 	70    	343.84	317	572
37 	77    	332.48	317	515
38 	66    	332.23	317	528
39 	62    	332.03	317	512
40 	60    	331.96	317	499
41 	78    	332.64	317	508
42 	74    	339.85	317	551
43 	66    	333.5 	317	515
44 	69    	334.61	317	527
45 	78    	336.55	317	562
46 	72    	328.29	317	541
47 	72    	333.71	317	472
48 	71    	329.31	317	513
49 	68    	337.4 	317	575
50 	71    	330.2 	317	482
51 	74    	336.04	317	584
52 	69    	330.98	317	533
53 	64    	336.17	317	578
54 	71    	340.36	317	536
55 	74    	330.03	317	495
56 	76    	332.86	317	554
57 	75    	325.35	317	501
58 	78    	335.17	317	569
59 	64    	329.77	317	545
60 	77    	337.37	317	631
61 	63    	330.5 	317	477
62 	66    	336.81	317	598
63 	74    	335.1 	317	482
64 	59    	333.35	317	639
65 	65    	336.09	317	527
66 	57    	332.16	317	504
67 	71    	333.83	317	551
68 	63    	330.79	317	482
69 	69    	335.47	317	550
70 	76    	330.21	317	508
71 	57    	332.06	317	575
72 	79    	337.23	317	550
73 	76    	335.96	317	551
74 	67    	332.46	317	559
75 	71    	336.1 	317	558
76 	69    	334.43	317	518
77 	72    	342.68	317	528
78 	68    	338.97	317	526
79 	69    	336.17	317	537
80 	77    	339.04	317	515
81 	63    	330.51	317	501
82 	75    	337.01	317	518
83 	70    	339.4 	317	554
84 	68    	333.03	317	606
85 	72    	326.94	317	510
86 	74    	332.44	317	508
87 	68    	323.3 	317	421
88 	70    	326.42	317	501
89 	69    	335.3 	317	631
90 	71    	329.67	317	509
91 	64    	334.98	317	545
92 	76    	329.73	317	477
93 	76    	339.75	317	551
94 	77    	343.33	317	612
95 	67    	337.27	317	525
96 	73    	337.28	317	517
97 	73    	341.05	317	568
98 	69    	326.7 	317	508
99 	68    	330.66	317	538
100	73    	335.4 	317	513
-------------------- 4 ---------------------
log: gen	nevals	mean  	min	max
0  	100   	548.38	404	665
1  	65    	500.89	411	622
2  	77    	486.45	362	604
3  	59    	452.27	362	575
4  	67    	439.88	362	597
5  	57    	410.44	325	599
6  	62    	388.72	325	536
7  	67    	381.68	325	561
8  	73    	357   	325	537
9  	71    	347.49	325	619
10 	79    	345.71	325	587
11 	69    	333.27	325	499
12 	71    	332.86	325	504
13 	68    	342.85	325	600
14 	66    	345.47	325	524
15 	68    	341.7 	325	560
16 	67    	338.02	325	523
17 	69    	345.16	325	564
18 	62    	345.03	325	523
19 	75    	334.36	325	495
20 	71    	344.61	325	548
21 	71    	339.82	325	494
22 	71    	338.53	325	524
23 	72    	336.86	325	523
24 	76    	337.26	325	495
25 	69    	342.24	325	523
26 	70    	345.21	325	592
27 	62    	345.06	325	526
28 	74    	346.66	325	509
29 	67    	341.55	325	536
30 	75    	336.93	325	523
31 	67    	349.21	325	566
32 	72    	340.48	325	532
33 	59    	338.12	325	523
34 	69    	339.15	325	523
35 	66    	339.77	325	542
36 	79    	345.95	325	536
37 	58    	338.29	325	512
38 	81    	337.67	325	540
39 	56    	338.11	325	510
40 	60    	334.23	325	479
41 	66    	337.63	325	510
42 	72    	339.49	325	486
43 	67    	340.5 	325	509
44 	75    	349.79	325	509
45 	60    	336.94	325	509
46 	76    	334.21	325	509
47 	67    	341.14	325	555
48 	64    	340.78	325	523
49 	71    	334   	325	512
50 	68    	340.81	325	583
51 	61    	350.94	325	609
52 	66    	334.69	325	586
53 	68    	343.55	325	553
54 	60    	336.04	325	550
55 	77    	336.18	325	578
56 	78    	343.28	325	523
57 	71    	338.61	325	544
58 	76    	346.19	325	510
59 	67    	342.83	325	586
60 	77    	340.5 	325	523
61 	60    	336.3 	325	523
62 	74    	342.84	325	542
63 	65    	338.36	325	559
64 	76    	339.12	325	510
65 	67    	341.2 	325	561
66 	63    	339.54	325	523
67 	65    	333.99	325	548
68 	71    	336.03	325	532
69 	81    	347.44	325	538
70 	75    	338.13	325	545
71 	70    	341.71	325	496
72 	68    	333.37	325	504
73 	66    	338.41	325	555
74 	64    	333.63	325	495
75 	70    	336.81	325	600
76 	72    	337.64	325	509
77 	75    	343.69	325	537
78 	67    	345.21	325	512
79 	69    	338.66	325	473
80 	80    	346.53	325	523
81 	61    	347.9 	325	569
82 	66    	346.93	325	523
83 	67    	335.48	325	509
84 	77    	342.06	325	531
85 	79    	345.87	325	575
86 	70    	344.37	325	557
87 	68    	354.89	325	613
88 	75    	341.95	325	509
89 	60    	336.62	325	550
90 	65    	337.61	325	523
91 	73    	342.36	325	570
92 	75    	342.8 	325	559
93 	68    	331.7 	325	523
94 	64    	340.15	325	523
95 	84    	347.73	325	584
96 	68    	339.9 	325	495
97 	76    	351.02	325	640
98 	66    	338.89	325	486
99 	71    	338.43	325	570
100	69    	345.03	325	581
-------------------- 5 ---------------------
log: gen	nevals	mean  	min	max
0  	100   	548.46	374	644
1  	66    	510.4 	332	635
2  	61    	479.78	332	621
3  	64    	452.1 	332	607
4  	67    	426.2 	332	580
5  	65    	398.85	317	563
6  	81    	381.04	317	559
7  	71    	348.97	312	521
8  	72    	342.11	312	515
9  	71    	340.77	312	526
10 	67    	342.23	312	537
11 	64    	345.14	312	577
12 	66    	331.29	312	564
13 	73    	330.57	312	576
14 	63    	331.24	312	531
15 	71    	328.74	312	503
16 	71    	324.81	312	525
17 	75    	327.03	312	490
18 	77    	330.34	312	538
19 	65    	331.1 	312	519
20 	68    	333.06	312	582
21 	75    	321.85	312	496
22 	79    	333.25	312	521
23 	74    	328.03	312	518
24 	64    	329.58	312	489
25 	73    	327.55	312	555
26 	69    	331.61	312	503
27 	71    	328.93	312	598
28 	73    	329.77	312	606
29 	67    	330.87	312	510
30 	59    	327.59	312	503
31 	66    	324.46	312	510
32 	67    	327.85	312	496
33 	66    	328.73	312	515
34 	70    	329.48	312	575
35 	70    	337.66	312	572
36 	73    	328.57	312	510
37 	71    	323.57	312	568
38 	61    	332.22	312	510
39 	68    	322.33	312	515
40 	67    	325.74	312	578
41 	67    	328.31	312	563
42 	69    	326.72	312	503
43 	74    	334.6 	312	568
44 	75    	329.53	312	550
45 	81    	322.86	312	490
46 	64    	324.66	312	504
47 	74    	326.46	312	496
48 	73    	335.27	312	510
49 	70    	326.24	312	580
50 	75    	328.34	312	477
51 	71    	325.69	312	496
52 	70    	333.73	312	627
53 	70    	327.72	312	510
54 	66    	327.27	312	510
55 	63    	330.43	312	503
56 	63    	322.26	312	510
57 	68    	329.44	312	510
58 	69    	327.88	312	513
59 	72    	326.48	312	534
60 	68    	329.17	312	565
61 	70    	320.74	312	579
62 	66    	327.37	312	510
63 	81    	343.2 	312	627
64 	66    	325.35	312	503
65 	62    	332.87	312	571
66 	79    	338.64	312	531
67 	69    	336.98	312	513
68 	71    	327.2 	312	525
69 	67    	332.87	312	510
70 	69    	326.44	312	576
71 	63    	328.42	312	572
72 	69    	331.1 	312	491
73 	76    	327.08	312	578
74 	60    	331.37	312	496
75 	80    	345.12	312	637
76 	80    	330.63	312	556
77 	72    	330.92	312	510
78 	76    	332.01	312	490
79 	72    	340.76	312	503
80 	68    	322.32	312	458
81 	75    	330.55	312	563
82 	68    	324.58	312	497
83 	62    	325.11	312	578
84 	80    	327.13	312	469
85 	67    	331.85	312	627
86 	74    	322.34	312	491
87 	80    	328.84	312	581
88 	73    	325.09	312	505
89 	66    	328.01	312	518
90 	69    	325.38	312	573
91 	65    	331.24	312	496
92 	64    	324.41	312	490
93 	70    	329.29	312	535
94 	68    	325.44	312	490
95 	71    	340.45	312	595
96 	78    	333.63	312	554
97 	65    	327.88	312	563
98 	66    	327.98	312	472
99 	71    	327.79	312	546
100	57    	324.7 	312	481
-------------------- 6 ---------------------
log: gen	nevals	mean  	min	max
0  	100   	541.76	421	660
1  	64    	493.19	380	602
2  	74    	472.57	380	617
3  	63    	455.7 	336	579
4  	61    	435.48	336	576
5  	63    	419.07	335	587
6  	71    	408.46	324	575
7  	73    	403.78	319	587
8  	77    	388.58	319	517
9  	67    	376.39	319	528
10 	71    	362.42	319	519
11 	69    	347.89	319	516
12 	65    	341.39	319	621
13 	69    	341.84	319	515
14 	62    	345.03	319	616
15 	79    	336.7 	319	500
16 	63    	329.39	306	484
17 	75    	337.23	306	617
18 	80    	336.44	306	500
19 	69    	330.13	306	481
20 	69    	339.48	306	633
21 	76    	327.74	306	633
22 	78    	323.08	306	535
23 	70    	320.95	306	476
24 	75    	318.27	306	461
25 	67    	326.57	306	550
26 	67    	329.59	306	504
27 	77    	318.68	306	518
28 	69    	328.48	306	504
29 	76    	322.36	306	578
30 	72    	319   	306	484
31 	62    	320.53	306	493
32 	67    	317.2 	306	490
33 	74    	331.32	306	535
34 	73    	322.35	306	484
35 	77    	332.13	306	615
36 	68    	317.31	306	443
37 	75    	326.03	306	605
38 	80    	326.87	306	498
39 	73    	325.51	306	574
40 	75    	328.27	306	532
41 	73    	320.28	306	557
42 	66    	319.21	306	497
43 	71    	323.32	306	497
44 	68    	317.07	306	497
45 	72    	321.23	306	497
46 	64    	323.45	306	475
47 	62    	319.05	306	497
48 	73    	322.7 	306	514
49 	73    	332.57	306	580
50 	64    	318.74	306	553
51 	58    	321.01	306	575
52 	71    	324.67	306	542
53 	75    	325.05	306	535
54 	69    	326.34	306	510
55 	71    	323.61	306	568
56 	74    	334.44	306	565
57 	72    	326.65	306	519
58 	70    	316.89	306	488
59 	71    	324.24	306	556
60 	54    	313.52	306	452
61 	71    	319.3 	306	497
62 	74    	335.58	306	569
63 	74    	319.61	306	475
64 	80    	327.49	306	504
65 	72    	322.65	306	504
66 	60    	322.07	306	506
67 	79    	332.05	306	570
68 	67    	321.6 	306	504
69 	71    	330.12	306	621
70 	79    	317.52	306	490
71 	71    	320.84	306	504
72 	69    	320.85	306	504
73 	69    	320.6 	306	490
74 	69    	327.42	306	570
75 	59    	319.19	306	475
76 	69    	322.06	306	565
77 	74    	324.15	306	535
78 	56    	321.07	306	521
79 	69    	328.75	306	605
80 	77    	320.15	306	468
81 	72    	318.88	306	491
82 	73    	319.26	306	645
83 	68    	335.91	306	511
84 	77    	321.74	306	535
85 	70    	323.13	306	589
86 	65    	314.73	306	484
87 	71    	324.84	306	490
88 	78    	327.93	306	567
89 	71    	318.71	306	484
90 	73    	321.4 	306	572
91 	72    	323.31	306	609
92 	71    	320   	306	522
93 	73    	330.83	306	523
94 	64    	322.95	306	508
95 	70    	320.89	306	554
96 	75    	322.17	306	549
97 	65    	317.23	306	505
98 	78    	326.38	306	607
99 	74    	320.9 	306	502
100	67    	326.4 	306	509
-------------------- 7 ---------------------
log: gen	nevals	mean  	min	max
0  	100   	550.52	419	665
1  	76    	510.97	401	629
2  	70    	492.89	393	598
3  	62    	469.22	393	652
4  	66    	444.6 	334	615
5  	83    	438.43	334	575
6  	61    	419.37	334	562
7  	67    	413.43	334	562
8  	63    	406.89	334	577
9  	67    	375.43	311	515
10 	65    	357.92	311	547
11 	78    	356.37	311	540
12 	70    	341.18	311	542
13 	69    	335.11	311	571
14 	64    	333.29	311	517
15 	70    	325.15	311	495
16 	73    	336.89	311	587
17 	71    	328.51	311	489
18 	70    	319.09	311	468
19 	71    	327.01	311	545
20 	66    	321.96	311	528
21 	74    	334.05	311	517
22 	72    	335.81	311	516
23 	65    	330.55	311	584
24 	82    	341.31	311	609
25 	60    	319.68	311	558
26 	70    	339.93	311	571
27 	66    	319.94	311	495
28 	61    	320.53	311	449
29 	73    	322.85	311	641
30 	70    	331.52	311	587
31 	71    	320.7 	311	527
32 	80    	328.85	311	502
33 	74    	327.35	311	509
34 	63    	325.21	311	544
35 	70    	323.71	311	519
36 	67    	325.92	311	513
37 	62    	319.66	311	578
38 	69    	337.98	311	582
39 	66    	322.15	311	480
40 	68    	321.84	311	480
41 	70    	330.07	311	491
42 	64    	323.45	311	522
43 	77    	327.24	311	502
44 	64    	330.5 	311	587
45 	62    	329.32	311	567
46 	62    	333.06	311	589
47 	68    	337.07	311	564
48 	66    	330.73	311	543
49 	78    	329.59	311	616
50 	70    	324.68	311	565
51 	66    	328.65	311	502
52 	69    	331.65	311	571
53 	62    	329.88	311	539
54 	65    	329.63	311	567
55 	68    	322.42	311	484
56 	76    	334.77	311	573
57 	70    	320.86	311	450
58 	74    	338.03	311	535
59 	63    	329.36	311	500
60 	71    	333.11	311	523
61 	77    	338.25	311	623
62 	63    	323.49	311	542
63 	60    	333.48	311	548
64 	72    	327.05	311	502
65 	73    	330.97	311	587
66 	82    	331.7 	311	509
67 	75    	327.49	311	561
68 	65    	331.96	311	565
69 	66    	326.13	311	489
70 	69    	323.05	311	440
71 	68    	329.67	311	612
72 	79    	326.04	311	495
73 	59    	322.75	311	600
74 	74    	326.61	311	502
75 	73    	327.03	311	509
76 	62    	325.18	311	509
77 	85    	332.72	311	571
78 	65    	322.3 	311	529
79 	74    	327.3 	311	507
80 	65    	330   	311	516
81 	76    	321.31	311	502
82 	74    	335.04	311	583
83 	68    	326.66	311	509
84 	72    	326.59	311	531
85 	69    	331.59	311	509
86 	64    	321.43	311	489
87 	67    	315.92	311	443
88 	70    	325.71	311	495
89 	67    	324.38	311	518
90 	64    	323.27	311	486
91 	67    	321.26	311	495
92 	75    	324.42	311	490
93 	74    	329.43	311	542
94 	71    	332.78	311	518
95 	63    	321.62	311	500
96 	69    	330.23	311	565
97 	63    	328.61	311	509
98 	64    	322.27	311	558
99 	71    	323.98	311	526
100	76    	330.89	311	524
-------------------- 8 ---------------------
log: gen	nevals	mean  	min	max
0  	100   	543.28	381	670
1  	63    	496.97	420	638
2  	65    	477.53	390	613
3  	63    	457.03	389	593
4  	64    	450.29	362	582
5  	72    	449.43	362	578
6  	66    	432.66	362	584
7  	75    	425.27	362	571
8  	75    	420.21	362	556
9  	75    	398.73	362	576
10 	71    	393.2 	362	583
11 	81    	381.51	362	514
12 	77    	374.97	349	517
13 	67    	380.79	349	598
14 	72    	372.65	349	511
15 	63    	368.73	349	501
16 	75    	375.29	317	533
17 	76    	367.46	317	648
18 	72    	356.22	317	533
19 	72    	343.85	317	522
20 	78    	333.49	317	469
21 	67    	336.33	317	547
22 	59    	323.73	317	475
23 	75    	327.59	317	566
24 	85    	335.35	317	518
25 	71    	340.03	317	515
26 	59    	332.46	317	515
27 	70    	333.25	317	591
28 	66    	341.64	317	618
29 	78    	329.67	317	592
30 	80    	328.35	317	508
31 	75    	336.57	317	509
32 	68    	338.05	317	577
33 	80    	333.69	317	656
34 	77    	338.49	317	590
35 	76    	339.81	317	591
36 	68    	333.08	317	508
37 	73    	335.18	317	489
38 	73    	335.71	317	610
39 	61    	330.4 	317	515
40 	63    	327.16	317	508
41 	63    	334.91	317	605
42 	68    	335.79	317	495
43 	65    	326.73	317	472
44 	67    	333.29	317	508
45 	59    	332.24	317	544
46 	68    	346.04	317	587
47 	73    	328.23	317	547
48 	72    	333.42	317	495
49 	80    	328.6 	317	472
50 	72    	327.73	317	497
51 	68    	341.11	317	527
52 	61    	332.54	317	591
53 	70    	332.45	317	561
54 	82    	328.76	317	549
55 	73    	333.07	317	501
56 	78    	335.58	317	496
57 	68    	329.54	317	501
58 	62    	332.38	317	515
59 	63    	329.05	317	591
60 	66    	330.01	317	501
61 	77    	340.54	317	579
62 	71    	330.69	317	501
63 	63    	330.98	317	551
64 	69    	335.57	317	562
65 	73    	334.92	317	577
66 	65    	338.94	317	545
67 	68    	330.96	317	508
68 	74    	334.02	317	525
69 	61    	338.81	317	508
70 	61    	332.17	317	508
71 	68    	337.28	317	611
72 	79    	337.35	317	537
73 	70    	328.76	317	478
74 	75    	331.06	317	515
75 	66    	334.86	317	582
76 	78    	333.31	317	575
77 	62    	331.67	317	539
78 	79    	336.93	317	536
79 	76    	332.98	317	510
80 	81    	336.17	317	562
81 	70    	333.37	317	596
82 	71    	329.83	317	527
83 	69    	326.78	317	441
84 	69    	329.23	317	553
85 	67    	326.62	317	515
86 	72    	329.9 	317	533
87 	72    	332.79	317	520
88 	74    	335.69	317	564
89 	69    	334.37	317	515
90 	64    	332.68	317	546
91 	70    	331.06	317	515
92 	74    	329.63	317	479
93 	76    	333.99	317	581
94 	61    	329.68	317	495
95 	82    	335.83	317	522
96 	68    	334   	317	536
97 	61    	333.67	317	513
98 	63    	338.18	317	577
99 	72    	342.91	317	514
100	73    	345.04	317	530
-------------------- 9 ---------------------
log: gen	nevals	mean  	min	max
0  	100   	539.41	405	668
1  	68    	492.99	385	642
2  	74    	472.51	359	662
3  	74    	449.88	359	575
4  	69    	429.96	359	657
5  	61    	416.98	335	602
6  	70    	406.17	335	617
7  	68    	395.55	324	555
8  	63    	391.98	324	523
9  	82    	391.6 	324	551
10 	69    	376.92	319	637
11 	73    	366.66	319	528
12 	66    	347.65	319	503
13 	73    	348.69	319	552
14 	70    	345.6 	319	513
15 	76    	344.65	319	585
16 	67    	349.43	319	623
17 	69    	358.08	319	523
18 	65    	347.35	319	515
19 	64    	335.43	306	500
20 	66    	337.23	306	554
21 	71    	332.58	306	559
22 	65    	331.51	306	512
23 	80    	323.1 	306	471
24 	69    	326.27	306	504
25 	74    	327.86	306	504
26 	76    	323.4 	306	532
27 	85    	324.91	306	546
28 	60    	321.16	306	523
29 	62    	321.22	306	519
30 	77    	314.6 	306	461
31 	69    	326.42	306	497
32 	85    	325.65	306	558
33 	73    	320.01	306	473
34 	74    	326.7 	306	563
35 	72    	331.88	306	543
36 	73    	318.73	306	468
37 	68    	327.79	306	534
38 	69    	319.9 	306	529
39 	71    	322.46	306	547
40 	64    	315.9 	306	490
41 	66    	322.51	306	497
42 	69    	325.13	306	581
43 	72    	320.96	306	484
44 	73    	325.91	306	586
45 	69    	322.41	306	536
46 	70    	316.21	306	504
47 	66    	322.03	306	498
48 	71    	312.67	306	475
49 	63    	323.21	306	526
50 	67    	325.99	306	570
51 	65    	324.83	306	504
52 	61    	321.07	306	517
53 	66    	325.42	306	535
54 	70    	323.3 	306	569
55 	69    	319.86	306	507
56 	68    	323.27	306	549
57 	73    	325.29	306	534
58 	65    	317.05	306	468
59 	62    	322.74	306	504
60 	76    	326.39	306	538
61 	73    	322.2 	306	521
62 	82    	323.84	306	527
63 	69    	329.93	306	550
64 	68    	321.76	306	516
65 	71    	319.85	306	532
66 	71    	322.91	306	531
67 	74    	322.03	306	471
68 	60    	327.39	306	574
69 	67    	323.31	306	529
70 	65    	327.22	306	565
71 	69    	333.42	306	593
72 	76    	321.78	306	507
73 	71    	323.42	306	659
74 	72    	315.44	306	475
75 	65    	329.86	306	518
76 	62    	322.42	306	490
77 	72    	321.56	306	536
78 	65    	326.24	306	516
79 	61    	317.91	306	558
80 	79    	323.68	306	504
81 	75    	323.17	306	567
82 	77    	315.16	306	468
83 	72    	322.33	306	591
84 	71    	327.78	306	566
85 	62    	323.9 	306	604
86 	81    	316.1 	306	490
87 	67    	332.23	306	612
88 	74    	319.2 	306	521
89 	78    	322.21	306	557
90 	76    	325.21	306	532
91 	69    	315.68	306	490
92 	69    	323.78	306	490
93 	65    	318.4 	306	541
94 	71    	321.22	306	526
95 	69    	324.88	306	521
96 	62    	313.13	306	490
97 	69    	320.57	306	544
98 	60    	326.05	306	504
99 	75    	324.36	306	535
100	70    	320.46	306	527
-------------------- 10 ---------------------
log: gen	nevals	mean  	min	max
0  	100   	554   	418	643
1  	79    	511.88	395	622
2  	71    	485.72	366	674
3  	73    	460.14	366	571
4  	66    	431.98	355	568
5  	70    	410.92	327	560
6  	71    	400.43	317	597
7  	76    	386.19	317	553
8  	73    	376.1 	311	608
9  	76    	373.99	311	603
10 	78    	355.86	311	508
11 	74    	344.1 	311	515
12 	81    	331.28	311	515
13 	65    	332.56	311	528
14 	72    	325.49	311	512
15 	67    	326.34	311	498
16 	80    	326.84	311	482
17 	65    	324.34	311	489
18 	82    	329.42	311	529
19 	72    	327.03	311	538
20 	60    	326.04	311	550
21 	69    	321.76	311	509
22 	63    	322.74	311	509
23 	64    	320.31	311	473
24 	77    	323.78	311	509
25 	68    	328.89	311	558
26 	79    	324.53	311	509
27 	72    	328.15	311	584
28 	69    	332.08	311	580
29 	68    	328.01	311	585
30 	67    	323.05	311	480
31 	68    	325.6 	311	502
32 	68    	319.39	311	495
33 	68    	323.41	311	548
34 	73    	326.17	311	612
35 	67    	320.59	311	504
36 	70    	329.97	311	580
37 	66    	323.16	311	522
38 	76    	324.36	311	505
39 	68    	326.52	311	513
40 	72    	334.13	311	509
41 	69    	329.34	311	534
42 	72    	329.62	311	468
43 	88    	323.86	311	525
44 	67    	324.58	311	489
45 	74    	324.06	311	480
46 	74    	329.07	311	487
47 	70    	330.28	311	581
48 	73    	337   	311	606
49 	69    	326.08	311	511
50 	81    	332.73	311	502
51 	73    	332.31	311	566
52 	68    	330.21	311	509
53 	73    	327.54	311	599
54 	73    	322.3 	311	578
55 	73    	331.93	311	519
56 	78    	330.29	311	553
57 	59    	333.31	311	600
58 	63    	322.81	311	502
59 	74    	328.04	311	600
60 	60    	323.25	311	535
61 	59    	327.79	311	509
62 	72    	327.61	311	495
63 	66    	325.61	311	502
64 	73    	322.01	311	509
65 	81    	336.95	311	508
66 	75    	332.78	311	516
67 	70    	329.83	311	511
68 	71    	321.44	311	488
69 	72    	329.17	311	502
70 	69    	330.33	311	480
71 	70    	329.67	311	547
72 	72    	329.44	311	542
73 	64    	322.96	311	545
74 	69    	328.4 	311	530
75 	73    	329.23	311	509
76 	61    	329.4 	311	653
77 	71    	328.63	311	553
78 	70    	329.67	311	551
79 	71    	324.92	311	550
80 	73    	330.56	311	563
81 	72    	330.48	311	489
82 	69    	318.6 	311	502
83 	75    	339.07	311	556
84 	73    	325.63	311	502
85 	76    	321.83	311	503
86 	68    	324.94	311	509
87 	79    	332.68	311	495
88 	72    	324.79	311	489
89 	78    	333.42	311	551
90 	72    	328.79	311	495
91 	59    	319.22	311	531
92 	61    	336.32	311	571
93 	77    	321.52	311	509
94 	71    	328.93	311	495
95 	74    	334.74	311	553
96 	65    	325.06	311	502
97 	68    	321.39	311	481
98 	72    	322.72	311	489
99 	70    	329.48	311	514
100	70    	337.32	311	553
-------------------- 11 ---------------------
log: gen	nevals	mean  	min	max
0  	100   	554.55	440	686
1  	66    	502.83	414	598
2  	72    	485.79	400	590
3  	81    	474.18	394	612
4  	67    	453.97	365	588
5  	66    	440.36	365	563
6  	76    	438.96	365	628
7  	73    	426.27	360	569
8  	59    	406.61	360	589
9  	68    	386.29	337	540
10 	73    	381.7 	337	529
11 	66    	374.88	312	493
12 	74    	388.53	306	549
13 	73    	387.64	306	593
14 	67    	375.22	306	504
15 	69    	372.23	306	621
16 	69    	355.51	306	510
17 	75    	336.07	306	510
18 	75    	336.82	306	512
19 	75    	321.83	306	544
20 	69    	323.69	306	484
21 	77    	324.75	306	534
22 	68    	322.3 	306	536
23 	70    	320.51	306	504
24 	69    	332.61	306	589
25 	65    	322.62	306	504
26 	71    	324.72	306	497
27 	68    	322.18	306	497
28 	63    	327.38	306	544
29 	72    	319.37	306	607
30 	70    	325.59	306	569
31 	79    	324.81	306	514
32 	60    	323.38	306	616
33 	71    	322.69	306	529
34 	66    	314.77	306	426
35 	72    	327.97	306	497
36 	72    	324.49	306	533
37 	72    	326.61	306	536
38 	72    	327.14	306	573
39 	72    	326.21	306	535
40 	72    	318.76	306	547
41 	70    	324.21	306	603
42 	64    	320.55	306	597
43 	78    	332.59	306	555
44 	74    	314.14	306	468
45 	71    	320.3 	306	497
46 	68    	324.21	306	506
47 	72    	317.19	306	475
48 	67    	324.55	306	484
49 	73    	333.42	306	541
50 	67    	313.64	306	452
51 	76    	328.1 	306	525
52 	69    	320.87	306	490
53 	75    	321.93	306	515
54 	72    	318.51	306	497
55 	63    	325.93	306	490
56 	69    	326.23	306	568
57 	69    	317.35	306	477
58 	67    	318.61	306	495
59 	64    	321.75	306	504
60 	67    	325.54	306	500
61 	78    	328.57	306	527
62 	68    	316.71	306	461
63 	74    	327.82	306	497
64 	76    	325.75	306	537
65 	72    	327.28	306	637
66 	75    	323.92	306	504
67 	71    	316.89	306	471
68 	74    	322.74	306	589
69 	66    	319.65	306	458
70 	70    	324.64	306	504
71 	63    	324.36	306	497
72 	73    	329.3 	306	504
73 	69    	327.59	306	553
74 	64    	322.07	306	523
75 	73    	329.39	306	584
76 	73    	322.51	306	596
77 	66    	325.45	306	545
78 	75    	324.5 	306	574
79 	73    	317.17	306	468
80 	62    	323.66	306	577
81 	82    	323.47	306	506
82 	75    	324.34	306	506
83 	65    	316.9 	306	504
84 	73    	321.34	306	563
85 	73    	320.43	306	497
86 	67    	320.75	306	545
87 	74    	324.79	306	490
88 	74    	321.15	306	571
89 	62    	323.12	306	543
90 	68    	317.41	306	461
91 	69    	317.95	306	489
92 	68    	315.12	306	477
93 	68    	321.09	306	512
94 	69    	318.4 	306	559
95 	72    	332.94	306	568
96 	74    	326.95	306	541
97 	59    	316.8 	306	484
98 	64    	317.58	306	488
99 	77    	318.98	306	600
100	64    	323.39	306	497
-------------------- 12 ---------------------
log: gen	nevals	mean  	min	max
0  	100   	538.94	409	685
1  	73    	500.99	408	627
2  	81    	478.7 	408	590
3  	68    	462.26	408	582
4  	77    	458.86	390	580
5  	58    	435.31	386	587
6  	67    	432.51	380	572
7  	66    	427.04	380	559
8  	56    	404.98	357	561
9  	74    	421.62	357	583
10 	58    	399.56	357	558
11 	63    	389.92	357	568
12 	70    	376.61	357	524
13 	68    	367.25	357	570
14 	65    	365.38	357	552
15 	69    	368.37	344	521
16 	64    	368.52	344	528
17 	69    	365.65	311	644
18 	73    	362.46	311	521
19 	79    	359.69	311	551
20 	68    	345.77	311	531
21 	68    	328.21	311	531
22 	76    	324.46	311	502
23 	66    	325.84	311	528
24 	68    	329.4 	311	517
25 	68    	332.55	311	553
26 	77    	326.94	311	556
27 	67    	324.25	311	552
28 	80    	328.88	311	509
29 	77    	334.63	311	612
30 	65    	322.18	311	468
31 	64    	327.52	311	509
32 	76    	335.58	311	582
33 	76    	328.79	311	535
34 	77    	325.1 	311	600
35 	65    	324.53	311	613
36 	72    	321.07	311	468
37 	76    	332.15	311	548
38 	75    	323.67	311	529
39 	68    	329.65	311	531
40 	77    	338.96	311	502
41 	66    	320.63	311	462
42 	67    	328.57	311	534
43 	71    	331.12	311	509
44 	64    	337.22	311	610
45 	73    	326.03	311	536
46 	75    	336.18	311	580
47 	64    	326.42	311	504
48 	77    	335.63	311	613
49 	73    	321.02	311	513
50 	73    	322.64	311	600
51 	70    	334.62	311	581
52 	76    	327.63	311	531
53 	70    	328.48	311	558
54 	76    	328.47	311	489
55 	69    	328.57	311	538
56 	70    	321.47	311	507
57 	73    	336.9 	311	536
58 	68    	330.04	311	572
59 	74    	323.74	311	480
60 	69    	325.86	311	495
61 	68    	327.94	311	513
62 	72    	332.01	311	525
63 	69    	326.92	311	509
64 	67    	330.2 	311	516
65 	71    	328.01	311	582
66 	67    	324.34	311	502
67 	73    	325.43	311	495
68 	75    	329.64	311	509
69 	72    	323.22	311	548
70 	79    	329.58	311	540
71 	67    	334.92	311	556
72 	65    	324.66	311	502
73 	74    	332.33	311	558
74 	76    	329.85	311	543
75 	74    	331.84	311	489
76 	69    	330.18	311	561
77 	75    	330.72	311	495
78 	75    	326.11	311	480
79 	74    	329.54	311	632
80 	60    	330.46	311	536
81 	66    	329.08	311	607
82 	68    	330.66	311	535
83 	73    	334.06	311	612
84 	70    	327.48	311	519
85 	72    	331.31	311	495
86 	78    	333.47	311	613
87 	73    	326.39	311	545
88 	71    	332.57	311	549
89 	61    	327.85	311	502
90 	79    	327.71	311	545
91 	69    	339.27	311	541
92 	75    	331.69	311	553
93 	69    	324.51	311	498
94 	70    	329.76	311	509
95 	76    	326.25	311	495
96 	71    	321.25	311	533
97 	73    	327.24	311	545
98 	64    	331.28	311	510
99 	73    	330.55	311	495
100	79    	329.03	311	618
-------------------- 13 ---------------------
log: gen	nevals	mean  	min	max
0  	100   	547.5 	432	643
1  	74    	514.63	387	650
2  	77    	488.72	387	614
3  	69    	466.89	387	598
4  	74    	455.94	387	597
5  	68    	441.79	373	549
6  	72    	425.04	343	566
7  	73    	410.4 	351	577
8  	66    	398.47	343	517
9  	71    	388.3 	339	540
10 	60    	382.06	317	533
11 	72    	368.79	317	516
12 	78    	380.14	317	570
13 	72    	376.04	317	584
14 	72    	361.83	317	508
15 	79    	347.38	317	570
16 	77    	338.17	317	519
17 	71    	329.65	317	502
18 	70    	325.29	317	515
19 	72    	337.1 	317	503
20 	72    	343.44	317	553
21 	75    	341.74	317	584
22 	67    	332.06	317	515
23 	72    	329.52	317	628
24 	70    	334.98	317	486
25 	70    	327.04	317	483
26 	73    	334.01	317	508
27 	73    	338.12	317	551
28 	58    	339.72	317	627
29 	75    	331.41	317	508
30 	68    	332.26	317	477
31 	78    	334.17	317	601
32 	68    	335.97	317	596
33 	61    	334.93	317	588
34 	72    	326.98	317	467
35 	72    	328.03	317	482
36 	65    	334.76	317	554
37 	76    	336.13	317	658
38 	69    	329.34	317	515
39 	75    	338.74	317	515
40 	71    	338.62	317	578
41 	75    	334.67	317	515
42 	79    	332.01	317	612
43 	71    	333.95	317	515
44 	77    	341.57	317	562
45 	68    	332.88	317	547
46 	76    	331.73	317	536
47 	58    	334.59	317	554
48 	65    	328.55	317	486
49 	69    	342.43	317	598
50 	64    	331.21	317	516
51 	66    	332.72	317	575
52 	66    	341.87	317	554
53 	71    	338.04	317	501
54 	66    	333.78	317	501
55 	75    	328.94	317	515
56 	61    	335.67	317	565
57 	72    	342.36	317	588
58 	77    	336.12	317	565
59 	64    	335.87	317	523
60 	81    	324.73	317	451
61 	71    	337.15	317	490
62 	78    	329.89	317	495
63 	71    	337.86	317	515
64 	66    	329.7 	317	477
65 	63    	342.24	317	569
66 	75    	337.3 	317	547
67 	71    	335.72	317	508
68 	67    	335.91	317	581
69 	69    	328.19	317	501
70 	61    	332.38	317	515
71 	73    	344.76	317	589
72 	65    	336.5 	317	537
73 	74    	327.16	317	515
74 	70    	340.12	317	528
75 	71    	332.16	317	495
76 	80    	332.96	317	598
77 	76    	329.5 	317	501
78 	72    	334.52	317	544
79 	68    	327.93	317	559
80 	71    	335.47	317	546
81 	67    	337.19	317	577
82 	77    	336.34	317	495
83 	78    	335.54	317	601
84 	66    	330.24	317	508
85 	77    	332.89	317	550
86 	68    	335.16	317	515
87 	66    	327.47	317	501
88 	72    	341.99	317	575
89 	62    	337.9 	317	618
90 	74    	339.46	317	495
91 	66    	334.65	317	533
92 	72    	332.55	317	630
93 	75    	342.59	317	560
94 	67    	335.04	317	515
95 	73    	334.6 	317	547
96 	64    	342.79	317	515
97 	76    	334.68	317	515
98 	71    	337.7 	317	508
99 	57    	329.74	317	498
100	69    	333.27	317	536
-------------------- 14 ---------------------
log: gen	nevals	mean  	min	max
0  	100   	552.93	414	646
1  	67    	514.9 	418	659
2  	72    	483.21	428	583
3  	69    	471.95	357	623
4  	72    	459.98	357	598
5  	83    	452.73	381	553
6  	60    	433.18	372	574
7  	66    	425.44	357	572
8  	66    	417.73	357	553
9  	62    	400.7 	334	589
10 	69    	383.54	334	504
11 	72    	380.77	311	547
12 	71    	373.45	311	580
13 	70    	352.03	311	489
14 	66    	345.98	311	567
15 	69    	340.06	311	494
16 	73    	329.68	311	503
17 	65    	326.64	311	498
18 	75    	328.59	311	502
19 	69    	326.45	311	548
20 	69    	328.28	311	565
21 	68    	324.03	311	589
22 	68    	332.66	311	556
23 	73    	327.37	311	571
24 	78    	331.32	311	622
25 	62    	324.44	311	612
26 	76    	330.69	311	583
27 	73    	324.12	311	495
28 	60    	323.62	311	509
29 	71    	324.38	311	552
30 	58    	327.95	311	553
31 	73    	336.07	311	558
32 	70    	333.04	311	509
33 	77    	328.13	311	502
34 	62    	333.24	311	512
35 	65    	327.12	311	500
36 	63    	327.59	311	542
37 	71    	331.61	311	523
38 	69    	329.89	311	531
39 	64    	324.96	311	551
40 	74    	325.19	311	512
41 	70    	325.08	311	502
42 	67    	322.13	311	502
43 	70    	327.72	311	495
44 	62    	326.51	311	556
45 	70    	337.19	311	540
46 	68    	325.79	311	521
47 	67    	327.38	311	607
48 	77    	324.33	311	579
49 	86    	331.73	311	553
50 	84    	327.1 	311	568
51 	75    	325.13	311	489
52 	70    	326   	311	495
53 	68    	332.43	311	612
54 	73    	326.88	311	485
55 	67    	323.16	311	509
56 	68    	334.88	311	570
57 	69    	328.52	311	517
58 	66    	326.23	311	594
59 	71    	328.97	311	548
60 	73    	342.55	311	581
61 	67    	329.1 	311	578
62 	65    	332.17	311	566
63 	64    	331.8 	311	598
64 	73    	323.73	311	553
65 	64    	324.82	311	543
66 	69    	329.82	311	541
67 	75    	328.18	311	470
68 	75    	322.26	311	489
69 	75    	330.5 	311	641
70 	72    	325.35	311	589
71 	70    	321.43	311	495
72 	59    	328.1 	311	516
73 	77    	333.5 	311	613
74 	64    	322.77	311	506
75 	67    	328.65	311	609
76 	69    	323.99	311	502
77 	79    	331.42	311	524
78 	69    	332.01	311	547
79 	65    	330.6 	311	560
80 	82    	329.16	311	528
81 	73    	332.7 	311	568
82 	77    	328.46	311	498
83 	71    	330.25	311	564
84 	66    	322.03	311	502
85 	73    	326.11	311	509
86 	71    	329.13	311	502
87 	75    	325.47	311	649
88 	62    	325.69	311	500
89 	66    	326.43	311	509
90 	68    	326.68	311	548
91 	68    	328.02	311	489
92 	78    	324.95	311	509
93 	64    	326.6 	311	561
94 	67    	332.73	311	509
95 	72    	321.84	311	549
96 	66    	328.42	311	480
97 	70    	329.3 	311	529
98 	71    	328.09	311	495
99 	64    	319.11	311	453
100	77    	327.97	311	513
-------------------- 15 ---------------------
log: gen	nevals	mean  	min	max
0  	100   	545.07	383	673
1  	71    	501.08	383	611
2  	62    	457.58	364	622
3  	59    	420.13	353	544
4  	73    	404.59	348	568
5  	71    	388.43	348	543
6  	67    	379.18	348	602
7  	75    	374.26	345	531
8  	71    	364.02	330	527
9  	67    	361.69	317	510
10 	69    	359.27	317	521
11 	69    	364.49	317	535
12 	80    	355.16	317	536
13 	77    	351.53	317	540
14 	71    	333.94	317	577
15 	68    	333.92	317	588
16 	77    	334.24	317	515
17 	67    	328   	317	569
18 	66    	337.25	317	639
19 	69    	330.98	317	515
20 	71    	330.78	317	515
21 	66    	340.69	317	508
22 	75    	334.64	317	559
23 	73    	325.87	317	577
24 	73    	333.4 	317	572
25 	73    	338.59	317	576
26 	63    	332.77	317	520
27 	67    	332.45	317	580
28 	72    	333.21	317	536
29 	64    	331.04	317	555
30 	71    	336.72	317	479
31 	83    	340.77	317	564
32 	72    	336.61	317	588
33 	63    	333.91	317	532
34 	66    	326.69	317	598
35 	64    	331.19	317	543
36 	73    	336.01	317	517
37 	70    	340.37	317	609
38 	70    	330.21	317	515
39 	72    	334.4 	317	527
40 	65    	331.97	317	472
41 	73    	331.47	317	503
42 	67    	331.45	317	540
43 	62    	332.63	317	527
44 	64    	337.67	317	514
45 	60    	336.49	317	515
46 	65    	346.92	317	559
47 	86    	342.49	317	525
48 	71    	333.67	317	508
49 	80    	340.25	317	579
50 	72    	335.38	317	598
51 	76    	333.16	317	548
52 	64    	329.68	317	508
53 	74    	332.35	317	495
54 	72    	331.18	317	503
55 	74    	343.95	317	515
56 	78    	337.47	317	579
57 	78    	328.33	317	569
58 	60    	332.84	317	590
59 	54    	334.79	317	518
60 	80    	337.86	317	515
61 	71    	339.41	317	566
62 	72    	336.84	317	521
63 	78    	331.83	317	495
64 	71    	333.55	317	477
65 	71    	338.98	317	609
66 	71    	331.15	317	527
67 	78    	345.68	317	545
68 	64    	331.03	317	540
69 	73    	330.81	317	508
70 	69    	333.14	317	501
71 	71    	342.63	317	670
72 	69    	335.12	317	501
73 	66    	342.41	317	622
74 	73    	342.12	317	528
75 	70    	332.69	317	501
76 	80    	333.93	317	515
77 	66    	331.84	317	550
78 	75    	329.76	317	501
79 	70    	344.4 	317	511
80 	66    	334.09	317	609
81 	71    	344.97	317	575
82 	71    	332.34	317	565
83 	67    	331.69	317	524
84 	67    	325.78	317	495
85 	72    	335.17	317	520
86 	70    	329.75	317	528
87 	71    	338.95	317	543
88 	62    	337.93	317	569
89 	59    	323.63	317	495
90 	64    	330.65	317	536
91 	76    	338.7 	317	606
92 	73    	329.02	317	514
93 	73    	335   	317	554
94 	71    	332.97	317	501
95 	68    	336.85	317	515
96 	65    	331.15	317	515
97 	76    	331.8 	317	569
98 	68    	329.94	317	551
99 	62    	334.68	317	547
100	74    	330.52	317	501
-------------------- 16 ---------------------
log: gen	nevals	mean  	min	max
0  	100   	549.27	440	647
1  	65    	502.84	379	657
2  	58    	470.38	379	560
3  	71    	450.3 	376	594
4  	63    	429.18	366	558
5  	75    	423.69	356	588
6  	68    	413.46	356	560
7  	67    	399.87	328	599
8  	70    	394.72	328	577
9  	66    	386.82	328	638
10 	72    	361.53	328	573
11 	76    	350.11	328	512
12 	58    	340.36	328	519
13 	65    	343.88	328	545
14 	67    	342.31	328	646
15 	59    	331.95	328	497
16 	63    	345.15	328	526
17 	71    	341.2 	328	526
18 	62    	344.45	328	545
19 	78    	347.05	328	519
20 	70    	346.15	328	526
21 	61    	344.62	328	506
22 	65    	345.87	328	564
23 	63    	344.48	328	550
24 	73    	344.88	328	615
25 	66    	346.91	328	599
26 	71    	344.56	328	599
27 	73    	345.21	328	550
28 	65    	344.14	328	559
29 	59    	339.86	328	526
30 	71    	343.88	328	506
31 	63    	348.51	328	550
32 	72    	343.46	328	526
33 	67    	336.22	328	474
34 	68    	336.91	328	512
35 	77    	339.83	328	585
36 	69    	346.65	328	603
37 	64    	339.66	328	512
38 	62    	340.51	328	566
39 	69    	345.25	328	526
40 	63    	341.47	328	526
41 	66    	339.65	328	507
42 	72    	339.4 	328	534
43 	81    	341.27	328	533
44 	65    	343.75	328	519
45 	78    	351.63	328	567
46 	65    	338.64	328	512
47 	70    	340.46	328	516
48 	70    	350.37	328	609
49 	67    	337.67	328	518
50 	60    	338.08	328	512
51 	75    	350.2 	328	614
52 	68    	338.38	328	478
53 	73    	338.43	328	490
54 	78    	338.09	328	512
55 	61    	335.03	328	536
56 	76    	342.19	328	514
57 	72    	341.33	328	529
58 	82    	344.92	328	586
59 	73    	342.95	328	559
60 	60    	339.96	328	517
61 	77    	354.81	328	555
62 	72    	343.71	328	544
63 	59    	339.56	328	506
64 	68    	341.95	328	526
65 	65    	346.1 	328	559
66 	66    	340.45	328	512
67 	63    	343.24	328	530
68 	78    	347.1 	328	526
69 	69    	334.81	328	427
70 	68    	345.62	328	519
71 	77    	344.86	328	542
72 	72    	350.71	328	583
73 	68    	343.89	328	526
74 	78    	345.48	328	519
75 	66    	345.04	328	544
76 	62    	347.43	328	529
77 	70    	344.66	328	526
78 	60    	343.56	328	555
79 	68    	343.58	328	569
80 	65    	343.13	328	524
81 	75    	341.59	328	558
82 	64    	343.4 	328	590
83 	65    	336.87	328	475
84 	60    	338.76	328	561
85 	79    	342.76	328	534
86 	70    	341.96	328	506
87 	75    	347.03	328	526
88 	64    	341.39	328	471
89 	74    	355.43	328	537
90 	73    	341.32	328	512
91 	66    	338.88	328	512
92 	69    	338.02	328	530
93 	79    	351.23	328	526
94 	64    	343.29	328	512
95 	61    	342.9 	328	551
96 	74    	342.42	328	537
97 	78    	352.43	328	559
98 	69    	341.92	328	512
99 	79    	343.66	328	513
100	70    	340.95	328	506
-------------------- 17 ---------------------
log: gen	nevals	mean  	min	max
0  	100   	539.08	389	637
1  	75    	505.41	389	629
2  	56    	479.03	389	625
3  	79    	455.81	367	592
4  	61    	437.07	367	635
5  	62    	419.55	367	599
6  	75    	409.13	340	533
7  	72    	393.7 	340	549
8  	68    	375.28	333	515
9  	74    	367.83	327	560
10 	69    	351.17	327	502
11 	53    	350.74	327	521
12 	72    	343.69	327	496
13 	72    	344.59	327	496
14 	67    	338.5 	327	519
15 	82    	350.14	327	526
16 	66    	343.2 	327	511
17 	73    	338.26	327	500
18 	79    	341.15	327	549
19 	67    	347.12	327	560
20 	66    	335.95	327	496
21 	71    	346.39	327	505
22 	70    	341.5 	327	491
23 	58    	334.27	327	516
24 	71    	339.69	327	634
25 	82    	344.36	327	542
26 	54    	344.78	327	525
27 	65    	339.41	327	505
28 	63    	350.54	327	576
29 	67    	337.86	327	525
30 	78    	340.82	327	496
31 	74    	338.45	327	496
32 	68    	337.82	327	585
33 	63    	337.85	327	587
34 	75    	341.78	327	526
35 	64    	340.07	327	544
36 	72    	341.53	327	525
37 	78    	343.2 	327	624
38 	66    	344.01	327	525
39 	65    	345.01	327	595
40 	76    	354.13	327	532
41 	68    	337.2 	327	496
42 	66    	340.7 	327	582
43 	66    	343.46	327	551
44 	68    	343.03	327	476
45 	74    	346.16	327	565
46 	71    	340.55	327	480
47 	79    	345.55	327	549
48 	74    	335.67	327	485
49 	68    	335.52	327	496
50 	71    	341.54	327	505
51 	71    	346.56	327	505
52 	68    	340.86	327	520
53 	70    	343.83	327	544
54 	70    	338.03	327	542
55 	68    	345.31	327	572
56 	69    	340.43	327	496
57 	70    	338.44	327	525
58 	78    	342.01	327	496
59 	65    	339.33	327	589
60 	62    	336.59	327	476
61 	69    	356.23	327	630
62 	71    	341.07	327	476
63 	60    	341.7 	327	514
64 	74    	343.03	327	556
65 	75    	340.65	327	539
66 	79    	341.96	327	606
67 	72    	336.01	327	524
68 	73    	346.55	327	526
69 	75    	354.17	327	545
70 	73    	342.93	327	529
71 	63    	337.72	327	574
72 	78    	347.56	327	597
73 	70    	342   	327	521
74 	72    	345.53	327	505
75 	67    	350.37	327	589
76 	61    	337.41	327	496
77 	74    	347.91	327	519
78 	73    	345.48	327	534
79 	77    	344.78	327	505
80 	65    	343.04	327	553
81 	70    	342.52	327	529
82 	70    	344.32	327	528
83 	66    	347.48	327	511
84 	70    	344.56	327	525
85 	81    	351.71	327	597
86 	65    	340.04	327	526
87 	72    	352.4 	327	571
88 	67    	342.95	327	525
89 	71    	349.68	327	619
90 	70    	341.22	327	528
91 	68    	348.73	327	556
92 	63    	341.23	327	566
93 	76    	346.98	327	505
94 	67    	340.8 	327	499
95 	74    	346.26	327	505
96 	71    	340.55	327	498
97 	77    	344.74	327	607
98 	68    	342.59	327	576
99 	73    	340.53	327	525
100	65    	345.67	327	559
-------------------- 18 ---------------------
log: gen	nevals	mean  	min	max
0  	100   	547.29	411	665
1  	72    	508.07	401	669
2  	65    	472.82	401	603
3  	61    	456.77	401	608
4  	73    	449   	401	602
5  	78    	433.28	373	602
6  	75    	422.54	355	579
7  	69    	400.82	355	531
8  	58    	388.59	327	557
9  	55    	377.26	327	588
10 	62    	365.31	327	544
11 	76    	354.54	327	556
12 	66    	348.83	327	545
13 	70    	338.12	327	496
14 	70    	347.3 	327	528
15 	59    	337.6 	327	459
16 	70    	345.27	327	507
17 	80    	345.32	327	525
18 	71    	347.65	327	538
19 	72    	343.22	327	507
20 	68    	340.98	327	525
21 	69    	342.92	327	556
22 	69    	337.65	327	505
23 	69    	336.69	327	505
24 	66    	340.89	327	476
25 	57    	343.94	327	526
26 	80    	344.63	327	490
27 	66    	346.51	327	536
28 	66    	355.03	327	605
29 	61    	339.52	327	622
30 	71    	343.73	327	525
31 	79    	347.23	327	525
32 	76    	346.14	327	508
33 	73    	341.81	327	521
34 	75    	343.4 	327	599
35 	64    	340.92	327	525
36 	75    	351.79	327	551
37 	66    	344.51	327	496
38 	70    	346.79	327	505
39 	72    	340.2 	327	536
40 	77    	346.54	327	571
41 	68    	341.67	327	610
42 	65    	342.32	327	494
43 	69    	338.23	327	531
44 	63    	342.57	327	545
45 	67    	341.77	327	587
46 	74    	339.41	327	508
47 	73    	337.97	327	525
48 	72    	347.41	327	525
49 	65    	349.72	327	525
50 	72    	342.62	327	525
51 	61    	337.67	327	509
52 	63    	338.93	327	487
53 	59    	334.01	327	525
54 	72    	344.61	327	612
55 	63    	343.73	327	548
56 	57    	335.85	327	505
57 	66    	344.2 	327	571
58 	74    	339.49	327	489
59 	66    	336.94	327	483
60 	67    	344.24	327	609
61 	77    	343.01	327	525
62 	72    	336.94	327	489
63 	74    	338.24	327	628
64 	62    	344.02	327	525
65 	78    	344.22	327	492
66 	68    	343.18	327	519
67 	73    	343.99	327	628
68 	72    	343.06	327	525
69 	67    	339.77	327	459
70 	68    	337.64	327	530
71 	61    	340.59	327	513
72 	63    	340.94	327	589
73 	72    	345.13	327	574
74 	71    	339.03	327	587
75 	81    	347.2 	327	526
76 	61    	342.12	327	532
77 	66    	346.82	327	602
78 	63    	345.84	327	525
79 	66    	344.48	327	518
80 	62    	335.85	327	496
81 	71    	340.61	327	505
82 	73    	345.37	327	567
83 	61    	339.84	327	489
84 	69    	341.48	327	525
85 	73    	348.79	327	588
86 	71    	344.79	327	520
87 	69    	341.17	327	525
88 	78    	340.62	327	513
89 	68    	341.53	327	496
90 	76    	342.79	327	540
91 	73    	349.82	327	525
92 	78    	348.2 	327	529
93 	72    	350.66	327	555
94 	66    	338.94	327	507
95 	66    	346.91	327	549
96 	58    	341.14	327	533
97 	74    	347.45	327	628
98 	68    	343.48	327	533
99 	65    	341.66	327	505
100	65    	345.19	327	578
-------------------- 19 ---------------------
log: gen	nevals	mean  	min	max
0  	100   	541.46	407	655
1  	79    	505.47	371	608
2  	70    	475.67	371	603
3  	64    	445.75	371	580
4  	59    	416.84	359	594
5  	71    	397.66	331	590
6  	67    	391.09	331	514
7  	71    	384.38	331	503
8  	71    	372.76	312	514
9  	70    	358.28	312	549
10 	70    	351   	312	631
11 	65    	338.31	312	512
12 	77    	333.54	312	522
13 	77    	339.98	312	593
14 	72    	329.77	312	503
15 	78    	337.52	312	571
16 	69    	323.64	312	481
17 	73    	330.73	312	541
18 	66    	325.8 	312	477
19 	78    	324.43	312	458
20 	76    	332.51	312	621
21 	72    	335.79	312	510
22 	62    	323.26	312	510
23 	68    	328.6 	312	525
24 	69    	332.02	312	535
25 	69    	333.06	312	529
26 	62    	332.35	312	520
27 	77    	320.37	312	451
28 	72    	330.17	312	539
29 	75    	326.04	312	477
30 	68    	324.43	312	469
31 	58    	326.07	312	570
32 	76    	321.28	312	477
33 	74    	329.75	312	499
34 	66    	329.12	312	516
35 	72    	328.12	312	495
36 	63    	330.73	312	510
37 	65    	329.49	312	548
38 	80    	327.62	312	627
39 	65    	335.48	312	573
40 	63    	337.82	312	580
41 	78    	333.95	312	510
42 	69    	330.13	312	565
43 	78    	330.04	312	571
44 	74    	324.88	312	472
45 	72    	336.8 	312	578
46 	73    	333.83	312	578
47 	71    	322.85	312	576
48 	67    	327.2 	312	481
49 	69    	326.41	312	571
50 	68    	325.05	312	530
51 	68    	327.88	312	627
52 	67    	330.79	312	517
53 	69    	336.02	312	560
54 	67    	323.13	312	496
55 	70    	331.72	312	608
56 	65    	321.43	312	477
57 	61    	339.92	312	545
58 	82    	329.52	312	634
59 	76    	329.9 	312	525
60 	72    	333.8 	312	510
61 	65    	323.59	312	503
62 	71    	335.88	312	528
63 	64    	329.3 	312	510
64 	63    	329.54	312	510
65 	77    	333.63	312	536
66 	71    	325.75	312	570
67 	69    	335.73	312	525
68 	57    	328.13	312	522
69 	74    	326.23	312	536
70 	65    	327.54	312	529
71 	65    	332.03	312	480
72 	72    	334.14	312	546
73 	67    	326.43	312	526
74 	69    	322.79	312	496
75 	70    	328.85	312	553
76 	71    	325.24	312	481
77 	70    	322.29	312	436
78 	74    	325.24	312	481
79 	69    	336.78	312	565
80 	64    	326.72	312	503
81 	63    	334.08	312	569
82 	64    	324.11	312	496
83 	73    	323.01	312	510
84 	60    	325.13	312	503
85 	75    	327.64	312	496
86 	69    	330.24	312	510
87 	70    	336.62	312	510
88 	69    	327.61	312	510
89 	67    	331.76	312	570
90 	67    	334.38	312	551
91 	75    	333.25	312	552
92 	84    	331.01	312	490
93 	74    	331.35	312	518
94 	73    	324.3 	312	481
95 	63    	322.7 	312	525
96 	82    	334.41	312	594
97 	65    	331.4 	312	538
98 	67    	330.8 	312	562
99 	83    	333.79	312	510
100	50    	330.02	312	536
-------------------- 20 ---------------------
log: gen	nevals	mean  	min	max
0  	100   	546.45	397	640
1  	67    	513.29	397	609
2  	75    	479.25	373	580
3  	66    	457.49	373	599
4  	75    	427.51	370	574
5  	76    	418.04	373	587
6  	70    	411.26	362	601
7  	64    	400.42	362	560
8  	75    	393.82	362	629
9  	76    	379.52	362	494
10 	67    	383.99	362	560
11 	64    	367.29	362	494
12 	69    	375.77	362	524
13 	61    	375.91	362	531
14 	60    	372.8 	362	516
15 	73    	382.25	362	647
16 	78    	380.08	362	570
17 	66    	379.48	362	594
18 	73    	377.85	362	567
19 	70    	373.49	325	531
20 	68    	377.21	325	513
21 	78    	374.69	325	523
22 	82    	367.23	325	559
23 	66    	347.1 	325	502
24 	61    	345.69	325	523
25 	73    	341.95	325	537
26 	73    	336.67	325	486
27 	79    	352.85	325	562
28 	74    	341.05	325	523
29 	66    	340.02	325	512
30 	60    	338.83	325	523
31 	71    	335.68	325	529
32 	70    	341.61	325	509
33 	72    	338.43	325	509
34 	67    	335.19	325	523
35 	76    	344.19	325	575
36 	75    	346.16	325	525
37 	76    	333.08	325	471
38 	68    	340.92	325	591
39 	69    	342.67	325	544
40 	68    	339.68	325	539
41 	63    	337.86	325	526
42 	73    	353.75	325	562
43 	71    	338.72	325	509
44 	78    	350.56	325	578
45 	77    	335.25	325	532
46 	67    	338.54	325	538
47 	72    	337.48	325	577
48 	71    	339.14	325	616
49 	75    	356.68	325	592
50 	70    	343.64	325	563
51 	77    	342.37	325	500
52 	69    	335.73	325	556
53 	78    	346.34	325	569
54 	74    	337.83	325	494
55 	70    	340.96	325	523
56 	73    	337.12	325	523
57 	69    	334.97	325	479
58 	70    	340.87	325	576
59 	71    	344.23	325	509
60 	67    	338.29	325	509
61 	63    	339.99	325	516
62 	67    	337.52	325	523
63 	70    	334.26	325	508
64 	63    	344.95	325	512
65 	72    	346.29	325	600
66 	77    	348.76	325	543
67 	69    	342.75	325	495
68 	74    	346.49	325	509
69 	78    	351.33	325	553
70 	82    	347.97	325	523
71 	64    	343.69	325	508
72 	72    	339.61	325	522
73 	76    	336.08	325	460
74 	83    	344.12	325	521
75 	69    	343.85	325	509
76 	77    	337.58	325	495
77 	76    	342.44	325	563
78 	66    	342.37	325	509
79 	72    	348.92	325	569
80 	53    	330.8 	325	471
81 	81    	343.8 	325	548
82 	75    	348.54	325	597
83 	64    	341.96	325	502
84 	69    	335.07	325	565
85 	61    	335.97	325	550
86 	82    	340.84	325	523
87 	72    	345.5 	325	502
88 	78    	340.63	325	514
89 	69    	337.88	325	555
90 	68    	337.95	325	495
91 	69    	343.9 	325	523
92 	67    	338.52	325	534
93 	67    	343   	325	536
94 	66    	338.11	325	512
95 	72    	342.33	325	495
96 	78    	343.66	325	522
97 	66    	339.29	325	503
98 	69    	337.38	325	523
99 	79    	340.57	325	591
100	74    	339.27	325	537
-------------------- 21 ---------------------
log: gen	nevals	mean  	min	max
0  	100   	548.51	399	651
1  	73    	505.72	377	604
2  	64    	470.53	377	568
3  	75    	446.49	373	603
4  	65    	418.04	324	544
5  	73    	403.7 	349	554
6  	72    	413.45	349	582
7  	71    	405.03	324	584
8  	69    	401.96	324	558
9  	72    	390.56	324	550
10 	72    	371.65	324	551
11 	72    	359.81	324	511
12 	68    	342.78	324	577
13 	76    	344.72	324	620
14 	61    	341.36	324	529
15 	68    	337.01	324	498
16 	67    	348.08	311	525
17 	66    	352.13	311	612
18 	77    	343.74	311	498
19 	72    	341.03	311	557
20 	68    	336.01	311	489
21 	67    	327.43	311	511
22 	77    	325.33	311	537
23 	61    	320.89	311	550
24 	68    	327.23	311	524
25 	66    	319.8 	311	509
26 	73    	326.14	311	507
27 	82    	335.09	311	589
28 	73    	327.22	311	489
29 	66    	329.89	311	548
30 	74    	334.52	311	486
31 	79    	326.6 	311	509
32 	74    	325.83	311	492
33 	66    	320.78	311	474
34 	70    	328.27	311	502
35 	75    	325.18	311	522
36 	64    	321.53	311	509
37 	77    	337.18	311	509
38 	69    	338.21	311	568
39 	68    	334.96	311	543
40 	68    	328.31	311	583
41 	70    	330.84	311	529
42 	75    	325.88	311	489
43 	75    	338.47	311	565
44 	73    	338.37	311	495
45 	73    	327.79	311	559
46 	73    	325.2 	311	471
47 	77    	332.67	311	576
48 	72    	326.34	311	607
49 	66    	325.16	311	500
50 	73    	325.86	311	527
51 	68    	323.31	311	524
52 	75    	336.4 	311	578
53 	69    	333.71	311	512
54 	72    	331.54	311	509
55 	73    	323.89	311	565
56 	58    	321.87	311	489
57 	64    	328.05	311	532
58 	73    	328.06	311	468
59 	69    	329.75	311	563
60 	73    	331.81	311	540
61 	66    	322.22	311	489
62 	76    	323.59	311	480
63 	67    	326.03	311	510
64 	69    	318.72	311	509
65 	71    	322.86	311	510
66 	68    	328.69	311	502
67 	70    	328.04	311	481
68 	80    	328.03	311	525
69 	75    	331.48	311	517
70 	77    	326.92	311	544
71 	76    	338.7 	311	557
72 	72    	334.75	311	612
73 	67    	330.25	311	545
74 	70    	322.57	311	471
75 	66    	330.73	311	508
76 	70    	331.3 	311	495
77 	81    	329.15	311	502
78 	76    	328.88	311	501
79 	71    	324.73	311	489
80 	67    	319.75	311	508
81 	59    	326.8 	311	509
82 	64    	337.44	311	609
83 	67    	327.81	311	509
84 	69    	330.18	311	524
85 	64    	325.81	311	579
86 	69    	322.94	311	509
87 	69    	324.07	311	517
88 	69    	324.35	311	498
89 	66    	324.77	311	519
90 	63    	326.27	311	517
91 	60    	319.42	311	502
92 	77    	331.2 	311	551
93 	67    	324.75	311	489
94 	74    	325.81	311	528
95 	68    	330.97	311	545
96 	74    	329.38	311	554
97 	72    	323.71	311	480
98 	72    	334.9 	311	547
99 	62    	323.77	311	502
100	67    	328.31	311	545
-------------------- 22 ---------------------
log: gen	nevals	mean  	min	max
0  	100   	549.61	438	659
1  	67    	503.66	434	631
2  	84    	479.62	364	602
3  	72    	467.94	364	602
4  	68    	443.17	364	612
5  	76    	427.58	327	569
6  	72    	401.99	327	556
7  	70    	377.48	327	533
8  	79    	381.48	324	644
9  	73    	356.26	311	623
10 	56    	340.52	311	514
11 	68    	344.01	311	493
12 	78    	344.18	311	529
13 	62    	330.35	311	509
14 	63    	328.98	311	611
15 	72    	336.01	311	558
16 	70    	327.7 	311	603
17 	66    	328.67	311	583
18 	73    	326.31	311	489
19 	61    	325.64	311	509
20 	64    	331.77	311	509
21 	65    	334.93	311	600
22 	66    	330.12	311	502
23 	57    	324.91	311	560
24 	70    	331.23	311	609
25 	65    	328.79	311	509
26 	66    	324.18	311	480
27 	71    	329.25	311	511
28 	62    	328.9 	311	509
29 	71    	329.16	311	558
30 	67    	325.52	311	487
31 	56    	321.12	311	610
32 	68    	331.5 	311	516
33 	74    	323.77	311	489
34 	72    	324.44	311	502
35 	68    	324.95	311	468
36 	74    	326.49	311	524
37 	68    	324.39	311	509
38 	75    	328.07	311	502
39 	78    	328.34	311	564
40 	61    	324.12	311	480
41 	70    	324.69	311	509
42 	70    	323.78	311	509
43 	63    	329.49	311	567
44 	65    	327.82	311	505
45 	79    	326.56	311	517
46 	75    	325.51	311	484
47 	75    	331.99	311	545
48 	76    	323.51	311	498
49 	66    	321.78	311	471
50 	78    	333.57	311	503
51 	67    	323.05	311	471
52 	71    	327.93	311	536
53 	68    	336.57	311	596
54 	72    	334.38	311	509
55 	74    	331.21	311	509
56 	68    	333.47	311	534
57 	66    	317.52	311	416
58 	66    	333.4 	311	545
59 	69    	319.8 	311	489
60 	66    	327.23	311	489
61 	65    	327.21	311	548
62 	79    	336.5 	311	509
63 	56    	317.67	311	473
64 	69    	333   	311	566
65 	68    	327.18	311	502
66 	70    	333.13	311	607
67 	78    	336.33	311	513
68 	70    	333.31	311	626
69 	68    	330.01	311	598
70 	69    	327.73	311	504
71 	67    	323.17	311	495
72 	65    	324.5 	311	527
73 	77    	334.51	311	502
74 	73    	327.43	311	525
75 	70    	327.48	311	580
76 	64    	325.91	311	502
77 	68    	332.85	311	600
78 	72    	332.3 	311	519
79 	80    	334.46	311	509
80 	78    	330.3 	311	572
81 	67    	335.14	311	522
82 	73    	328.02	311	607
83 	67    	323.73	311	472
84 	69    	327.93	311	578
85 	74    	330.47	311	659
86 	70    	323   	311	471
87 	65    	330.52	311	653
88 	73    	329.05	311	502
89 	69    	322.1 	311	548
90 	80    	329.87	311	600
91 	78    	334.41	311	502
92 	66    	328.26	311	641
93 	73    	331.87	311	509
94 	71    	324.64	311	600
95 	70    	330.4 	311	547
96 	63    	325.31	311	509
97 	81    	329.17	311	552
98 	59    	330.77	311	607
99 	84    	335.48	311	519
100	82    	330.77	311	509
-------------------- 23 ---------------------
log: gen	nevals	mean  	min	max
0  	100   	542.23	409	682
1  	69    	490.13	405	639
2  	67    	464.74	405	578
3  	62    	449.25	381	632
4  	72    	444.18	380	587
5  	67    	422.37	337	565
6  	73    	414.25	337	586
7  	60    	417.56	337	579
8  	74    	401.97	312	547
9  	69    	375.96	312	506
10 	76    	370.37	306	583
11 	75    	346.32	306	502
12 	73    	337.58	306	503
13 	71    	343.5 	306	595
14 	67    	322.11	306	526
15 	79    	316.54	306	499
16 	78    	338.06	306	621
17 	73    	331.11	306	620
18 	67    	330.65	306	555
19 	77    	334.03	306	536
20 	62    	322.03	306	543
21 	62    	316.52	306	490
22 	70    	317.85	306	546
23 	79    	322.61	306	504
24 	69    	326.21	306	519
25 	89    	329.65	306	578
26 	72    	324.42	306	484
27 	75    	328.87	306	558
28 	81    	329.39	306	504
29 	70    	311.94	306	543
30 	70    	328.38	306	597
31 	68    	327.46	306	517
32 	68    	318.42	306	501
33 	79    	320.02	306	484
34 	76    	338.34	306	512
35 	73    	323.2 	306	525
36 	69    	326.4 	306	555
37 	75    	331.13	306	489
38 	69    	324.96	306	521
39 	80    	327.76	306	555
40 	79    	318.65	306	557
41 	60    	315.86	306	466
42 	64    	319.05	306	466
43 	70    	323.3 	306	497
44 	69    	312.75	306	475
45 	66    	318.42	306	521
46 	57    	322.15	306	503
47 	67    	321.57	306	497
48 	75    	325.59	306	543
49 	76    	325.02	306	579
50 	79    	327.32	306	564
51 	59    	319.5 	306	497
52 	62    	317.28	306	569
53 	62    	323.18	306	513
54 	62    	320.09	306	504
55 	79    	319.54	306	475
56 	70    	320.15	306	541
57 	60    	327.69	306	582
58 	71    	322.31	306	496
59 	66    	326.99	306	552
60 	68    	321.68	306	512
61 	61    	319.8 	306	504
62 	67    	325.77	306	518
63 	75    	317.87	306	459
64 	65    	326.08	306	532
65 	78    	322.78	306	553
66 	72    	325.8 	306	559
67 	77    	324.15	306	607
68 	68    	322.62	306	497
69 	79    	328.68	306	497
70 	77    	328.07	306	557
71 	69    	321.91	306	461
72 	73    	322.55	306	497
73 	72    	332.75	306	584
74 	75    	325.66	306	554
75 	72    	322.63	306	497
76 	73    	325.65	306	504
77 	68    	321.13	306	504
78 	69    	322.12	306	490
79 	68    	323.02	306	484
80 	71    	331.61	306	550
81 	68    	326.91	306	632
82 	65    	330.09	306	637
83 	68    	325.85	306	490
84 	73    	326.77	306	504
85 	68    	330.53	306	615
86 	68    	324.68	306	497
87 	71    	316.55	306	475
88 	68    	326.65	306	508
89 	64    	321.97	306	659
90 	75    	337.09	306	568
91 	65    	329.07	306	578
92 	76    	324.79	306	506
93 	75    	326.14	306	504
94 	66    	326.89	306	574
95 	69    	313.81	306	461
96 	74    	324.21	306	546
97 	67    	315.72	306	484
98 	68    	320.67	306	492
99 	75    	318.22	306	527
100	66    	325.55	306	578
-------------------- 24 ---------------------
log: gen	nevals	mean  	min	max
0  	100   	539.6 	406	681
1  	73    	509.31	406	661
2  	73    	477.11	402	595
3  	64    	459.78	373	638
4  	70    	446.73	355	606
5  	69    	426.05	332	608
6  	64    	405.53	332	550
7  	71    	386.34	332	518
8  	72    	371.13	317	513
9  	73    	352.53	317	551
10 	80    	360.41	317	515
11 	77    	342.69	317	501
12 	62    	344.59	317	560
13 	68    	328.67	317	515
14 	73    	332.41	317	515
15 	70    	338.49	317	543
16 	62    	325.25	317	501
17 	62    	341.8 	317	577
18 	62    	333.29	317	518
19 	75    	336.11	317	515
20 	67    	337.34	317	581
21 	70    	330.42	317	545
22 	72    	328.69	317	515
23 	76    	327.27	317	500
24 	64    	334.94	317	515
25 	72    	336.74	317	591
26 	65    	336.99	317	550
27 	67    	326.6 	317	520
28 	67    	338.2 	317	578
29 	72    	332.76	317	580
30 	72    	333.42	317	528
31 	71    	340.05	317	566
32 	79    	329.97	317	494
33 	79    	338.24	317	515
34 	64    	330.84	317	515
35 	77    	334.56	317	609
36 	65    	334.29	317	544
37 	70    	333.02	317	508
38 	63    	338.58	317	603
39 	66    	322.2 	317	444
40 	72    	334.42	317	508
41 	67    	330.8 	317	564
42 	69    	337.82	317	559
43 	69    	333.31	317	520
44 	73    	334.08	317	522
45 	67    	335.26	317	541
46 	60    	330.7 	317	566
47 	81    	338.12	317	508
48 	72    	336.8 	317	604
49 	73    	321.4 	317	414
50 	71    	336.22	317	545
51 	61    	328.31	317	495
52 	66    	337.97	317	632
53 	70    	338.43	317	559
54 	72    	336.15	317	515
55 	67    	335.94	317	555
56 	70    	341.96	317	543
57 	69    	338.15	317	593
58 	66    	325.9 	317	477
59 	69    	332.84	317	547
60 	74    	337.08	317	521
61 	61    	335.62	317	508
62 	75    	327.86	317	515
63 	60    	331.71	317	508
64 	64    	340.64	317	515
65 	66    	336.37	317	515
66 	73    	332.29	317	501
67 	76    	335.7 	317	495
68 	72    	331.56	317	544
69 	74    	339.79	317	585
70 	71    	338.84	317	514
71 	81    	336.88	317	545
72 	66    	332.33	317	501
73 	65    	333.5 	317	492
74 	67    	334.69	317	631
75 	74    	329.18	317	515
76 	59    	335.77	317	559
77 	62    	329.35	317	508
78 	70    	340.68	317	590
79 	69    	329.01	317	515
80 	55    	327.8 	317	493
81 	60    	329.66	317	482
82 	69    	333.15	317	508
83 	76    	332.85	317	547
84 	75    	340.27	317	575
85 	78    	330.82	317	527
86 	73    	333.49	317	515
87 	71    	338.64	317	515
88 	75    	330.16	317	515
89 	71    	326.81	317	495
90 	74    	333.79	317	624
91 	79    	335.71	317	571
92 	67    	331.99	317	569
93 	70    	342.82	317	603
94 	69    	332.67	317	508
95 	66    	327.35	317	520
96 	75    	331.88	317	508
97 	67    	342.21	317	579
98 	67    	330.58	317	540
99 	72    	341.77	317	547
100	63    	339.62	317	564
-------------------- 25 ---------------------
log: gen	nevals	mean  	min	max
0  	100   	541.7 	415	661
1  	65    	496.41	392	595
2  	65    	464.09	347	565
3  	75    	448.84	347	627
4  	71    	420.8 	347	579
5  	70    	406.24	330	555
6  	67    	399.21	330	574
7  	63    	367.85	330	528
8  	64    	351.97	330	517
9  	69    	346.06	330	514
10 	77    	349.63	317	517
11 	68    	347.84	317	504
12 	69    	338.97	317	511
13 	56    	338.46	317	541
14 	77    	332.67	317	515
15 	79    	336.7 	317	515
16 	64    	329.89	317	501
17 	66    	334.46	317	522
18 	65    	334.78	317	508
19 	72    	319.61	317	448
20 	73    	341.63	317	543
21 	73    	331.01	317	502
22 	77    	340.82	317	525
23 	71    	332.25	317	550
24 	70    	331.83	317	562
25 	69    	334.65	317	593
26 	68    	330.74	317	642
27 	64    	327.3 	317	517
28 	83    	347.2 	317	547
29 	63    	328.16	317	501
30 	62    	340.88	317	547
31 	67    	329.69	317	564
32 	76    	339.84	317	551
33 	68    	334.23	317	544
34 	68    	328.96	317	553
35 	63    	334.49	317	508
36 	70    	337.67	317	609
37 	71    	329.67	317	477
38 	65    	338.12	317	515
39 	72    	333.59	317	508
40 	66    	330.84	317	577
41 	66    	334.6 	317	593
42 	76    	336.11	317	477
43 	69    	339.67	317	588
44 	75    	340.03	317	543
45 	50    	330.37	317	479
46 	70    	339.83	317	568
47 	68    	327.72	317	503
48 	73    	336.35	317	518
49 	82    	337.37	317	580
50 	73    	334.73	317	612
51 	71    	332.66	317	536
52 	70    	333.72	317	606
53 	58    	328.72	317	501
54 	72    	334.4 	317	564
55 	69    	336.54	317	501
56 	70    	352.53	317	639
57 	64    	332.52	317	508
58 	66    	339.52	317	631
59 	77    	332.53	317	515
60 	61    	333.53	317	501
61 	71    	329.91	317	477
62 	72    	337.38	317	515
63 	72    	328.84	317	546
64 	76    	330.52	317	508
65 	68    	327.03	317	508
66 	64    	326.54	317	610
67 	63    	338.53	317	508
68 	74    	334.48	317	569
69 	68    	331.88	317	508
70 	77    	340.49	317	561
71 	70    	333.57	317	551
72 	81    	337.32	317	590
73 	61    	328.85	317	479
74 	61    	344.64	317	550
75 	64    	324.93	317	468
76 	68    	335.93	317	533
77 	74    	337.4 	317	501
78 	74    	331.82	317	554
79 	71    	342.64	317	603
80 	71    	334.93	317	501
81 	65    	332.36	317	528
82 	72    	343.99	317	533
83 	63    	337   	317	557
84 	67    	338.45	317	508
85 	73    	335.59	317	515
86 	67    	335.42	317	565
87 	62    	326.52	317	477
88 	69    	328.08	317	501
89 	74    	332.87	317	515
90 	72    	330.52	317	511
91 	75    	324.66	317	493
92 	75    	331.83	317	495
93 	73    	331.74	317	557
94 	72    	332.06	317	598
95 	75    	336.19	317	593
96 	72    	333.01	317	508
97 	67    	331.21	317	477
98 	67    	333.65	317	483
99 	68    	333.13	317	601
100	73    	330.25	317	494
-------------------- 26 ---------------------
log: gen	nevals	mean  	min	max
0  	100   	542.64	376	687
1  	70    	496.5 	376	635
2  	52    	457.84	355	614
3  	66    	430.31	343	606
4  	68    	409.18	343	564
5  	69    	398.43	355	563
6  	76    	391.52	355	539
7  	58    	369.23	355	539
8  	79    	370.96	339	536
9  	75    	366.23	339	557
10 	66    	366.02	339	539
11 	74    	365.18	339	571
12 	83    	364.46	339	552
13 	69    	352.18	339	601
14 	77    	349.94	306	485
15 	72    	352.13	306	523
16 	73    	347.4 	306	601
17 	78    	338.43	306	537
18 	69    	336.71	306	528
19 	73    	313.26	306	452
20 	74    	323.88	306	607
21 	72    	331.3 	306	505
22 	68    	320.08	306	493
23 	72    	330.84	306	604
24 	81    	327.63	306	605
25 	70    	326.8 	306	543
26 	70    	328.82	306	540
27 	66    	318.43	306	517
28 	68    	321.37	306	464
29 	64    	330.89	306	600
30 	76    	322.95	306	497
31 	78    	317.82	306	484
32 	67    	327.15	306	534
33 	70    	329.53	306	510
34 	63    	321.09	306	496
35 	75    	325.62	306	555
36 	68    	330.55	306	610
37 	74    	327.66	306	504
38 	69    	320.01	306	537
39 	64    	318.59	306	490
40 	70    	316.55	306	525
41 	61    	322.57	306	504
42 	70    	325.87	306	555
43 	64    	323.66	306	500
44 	62    	325.32	306	549
45 	72    	329.02	306	507
46 	62    	317.32	306	521
47 	72    	326.03	306	557
48 	64    	321.18	306	490
49 	73    	329.22	306	618
50 	70    	328.16	306	550
51 	64    	317.67	306	504
52 	71    	318.9 	306	461
53 	68    	333.19	306	543
54 	64    	326.15	306	484
55 	65    	323.55	306	504
56 	70    	323.81	306	535
57 	75    	322.75	306	521
58 	63    	322.38	306	572
59 	72    	329.41	306	541
60 	70    	326.14	306	536
61 	73    	328.86	306	496
62 	72    	316.56	306	577
63 	68    	319.43	306	529
64 	70    	325.41	306	497
65 	56    	318.59	306	501
66 	72    	316.97	306	497
67 	65    	339.45	306	575
68 	83    	324.77	306	504
69 	68    	321.93	306	504
70 	67    	314.57	306	450
71 	66    	325.45	306	530
72 	68    	321.51	306	494
73 	60    	323.89	306	543
74 	70    	325.57	306	607
75 	70    	322.28	306	554
76 	67    	323.92	306	605
77 	75    	321.84	306	508
78 	65    	320.85	306	504
79 	66    	320.57	306	503
80 	72    	323.11	306	536
81 	61    	322.87	306	532
82 	67    	323.62	306	549
83 	78    	329.26	306	550
84 	68    	319.14	306	504
85 	68    	332.54	306	497
86 	66    	313.97	306	452
87 	68    	327.31	306	564
88 	63    	318.2 	306	557
89 	63    	327.75	306	578
90 	62    	320.12	306	581
91 	74    	326.73	306	535
92 	64    	321.15	306	497
93 	58    	325.35	306	497
94 	68    	315.65	306	490
95 	72    	326.79	306	528
96 	70    	333.2 	306	626
97 	66    	313.61	306	471
98 	61    	313.95	306	507
99 	72    	329.98	306	506
100	78    	321.59	306	497
-------------------- 27 ---------------------
log: gen	nevals	mean  	min	max
0  	100   	550.19	443	658
1  	71    	506.22	443	624
2  	74    	483.89	405	604
3  	83    	470.54	361	588
4  	72    	445.99	352	602
5  	69    	440.3 	352	577
6  	69    	428.78	351	596
7  	66    	411.18	349	557
8  	73    	402.53	349	538
9  	65    	387.13	334	534
10 	64    	369.28	334	497
11 	70    	368.96	317	538
12 	77    	357.48	317	521
13 	68    	349.2 	317	508
14 	66    	353.22	317	513
15 	77    	346.28	317	553
16 	74    	331.89	317	566
17 	75    	331.06	317	508
18 	71    	326.78	317	502
19 	75    	333.36	317	541
20 	67    	341.07	317	542
21 	71    	327.71	317	508
22 	77    	332.18	317	508
23 	75    	328.45	317	501
24 	74    	333.36	317	515
25 	67    	335.78	317	580
26 	72    	338.95	317	542
27 	65    	335.13	317	501
28 	68    	336.03	317	612
29 	75    	351.18	317	576
30 	70    	334.88	317	543
31 	65    	335.04	317	540
32 	75    	334.55	317	597
33 	71    	331.1 	317	555
34 	68    	337.33	317	523
35 	76    	331.23	317	482
36 	74    	329.91	317	545
37 	70    	329.52	317	478
38 	65    	335.73	317	515
39 	68    	332.26	317	513
40 	72    	338.59	317	565
41 	65    	329.57	317	495
42 	77    	332.29	317	490
43 	72    	340.81	317	568
44 	68    	332.34	317	495
45 	82    	335.49	317	503
46 	76    	337.44	317	547
47 	65    	340.68	317	553
48 	64    	327.29	317	515
49 	66    	326.96	317	506
50 	64    	338.78	317	513
51 	64    	331.3 	317	479
52 	67    	328.56	317	515
53 	59    	331.6 	317	572
54 	67    	333.32	317	612
55 	68    	330.78	317	579
56 	62    	338.79	317	520
57 	74    	335.46	317	505
58 	75    	334.17	317	511
59 	69    	335.91	317	592
60 	66    	326.79	317	471
61 	79    	330.93	317	596
62 	72    	336.17	317	515
63 	71    	337.75	317	563
64 	76    	334.54	317	501
65 	71    	327.84	317	515
66 	77    	346.8 	317	568
67 	71    	329.22	317	495
68 	60    	324.94	317	501
69 	73    	339.35	317	515
70 	67    	337.81	317	588
71 	65    	329.46	317	501
72 	79    	339.03	317	620
73 	69    	338.32	317	588
74 	83    	330.34	317	515
75 	65    	332.57	317	502
76 	49    	329.11	317	508
77 	81    	337.53	317	565
78 	62    	332.06	317	562
79 	62    	329.93	317	568
80 	77    	331.17	317	523
81 	63    	327.05	317	463
82 	64    	336.03	317	512
83 	70    	332.05	317	508
84 	61    	336.75	317	590
85 	72    	334.91	317	495
86 	78    	329.17	317	515
87 	81    	330.88	317	565
88 	68    	330.59	317	495
89 	68    	336.33	317	528
90 	70    	335.49	317	523
91 	73    	329.86	317	508
92 	71    	336.37	317	515
93 	74    	327.32	317	477
94 	70    	333.13	317	515
95 	70    	341.71	317	555
96 	73    	331.46	317	515
97 	69    	328.51	317	618
98 	74    	339.27	317	588
99 	79    	331.99	317	566
100	81    	339.16	317	496
-------------------- 28 ---------------------
log: gen	nevals	mean  	min	max
0  	100   	550.18	420	652
1  	73    	510.24	416	672
2  	73    	484.34	372	623
3  	65    	460.11	366	632
4  	73    	443.03	343	585
5  	63    	431.2 	343	571
6  	71    	408.05	343	540
7  	70    	391.33	333	607
8  	69    	370.47	331	570
9  	62    	358.61	323	543
10 	79    	361.31	317	572
11 	71    	358.97	317	568
12 	71    	349.82	317	566
13 	71    	349.17	317	637
14 	67    	338.6 	312	515
15 	64    	340.92	312	513
16 	72    	351.88	312	596
17 	79    	344.94	312	508
18 	68    	333.3 	312	539
19 	71    	327.95	312	510
20 	63    	324.45	312	481
21 	60    	335.07	312	540
22 	67    	327.8 	312	503
23 	75    	339.77	312	510
24 	72    	331.84	312	536
25 	67    	330.88	312	578
26 	76    	335.37	312	510
27 	55    	330.33	312	510
28 	73    	330.64	312	495
29 	66    	324.1 	312	606
30 	68    	319.03	312	444
31 	66    	329.82	312	620
32 	79    	338.93	312	534
33 	72    	321.59	312	505
34 	77    	335.28	312	636
35 	58    	328.47	312	515
36 	71    	329.46	312	523
37 	71    	333.79	312	613
38 	75    	323.59	312	477
39 	75    	327.13	312	528
40 	57    	329.22	312	481
41 	67    	328.38	312	525
42 	72    	328.9 	312	549
43 	67    	336.4 	312	510
44 	75    	331.52	312	523
45 	69    	334.3 	312	578
46 	68    	329.16	312	525
47 	68    	325.98	312	517
48 	83    	329.05	312	490
49 	77    	332.78	312	541
50 	74    	330.84	312	518
51 	72    	328.77	312	523
52 	66    	326.84	312	526
53 	78    	332.18	312	611
54 	72    	320.81	312	466
55 	73    	324.73	312	474
56 	71    	325.1 	312	489
57 	74    	325.8 	312	543
58 	65    	326.79	312	518
59 	63    	323.91	312	521
60 	73    	325.36	312	660
61 	64    	323.48	312	524
62 	74    	322.89	312	510
63 	64    	333.94	312	537
64 	66    	332.69	312	496
65 	71    	324.98	312	454
66 	68    	326.61	312	660
67 	74    	337.78	312	613
68 	69    	328.39	312	536
69 	75    	320.92	312	516
70 	76    	328.95	312	565
71 	62    	330.06	312	512
72 	76    	321.9 	312	469
73 	72    	326.25	312	490
74 	77    	329.64	312	497
75 	61    	320.79	312	477
76 	71    	324.86	312	469
77 	78    	329.13	312	520
78 	70    	328.16	312	526
79 	71    	331.38	312	503
80 	67    	325.79	312	494
81 	78    	320.54	312	481
82 	72    	330.36	312	500
83 	68    	328.03	312	510
84 	66    	328.87	312	606
85 	66    	327.61	312	497
86 	74    	330.49	312	530
87 	73    	329.54	312	565
88 	64    	326.61	312	583
89 	68    	323.58	312	451
90 	69    	335.45	312	539
91 	72    	324.2 	312	508
92 	80    	323.4 	312	481
93 	73    	328.96	312	525
94 	79    	328.9 	312	510
95 	77    	325.87	312	497
96 	74    	328.03	312	547
97 	72    	336.46	312	578
98 	76    	337   	312	585
99 	69    	330.63	312	536
100	73    	324.57	312	490
-------------------- 29 ---------------------
log: gen	nevals	mean  	min	max
0  	100   	548.92	439	675
1  	70    	503.76	431	618
2  	76    	484.21	407	627
3  	77    	468.46	384	562
4  	73    	453.65	384	584
5  	64    	433.53	362	544
6  	82    	432.51	317	567
7  	64    	407.14	317	631
8  	68    	399.35	317	573
9  	64    	381.23	317	559
10 	66    	361.11	317	575
11 	68    	337.53	317	509
12 	71    	332.29	317	508
13 	72    	344.05	317	593
14 	74    	335.72	317	670
15 	67    	331.49	317	542
16 	65    	328.83	317	613
17 	74    	333.28	317	501
18 	65    	333.48	317	540
19 	69    	328.7 	317	518
20 	80    	330.02	317	501
21 	80    	343.69	317	575
22 	60    	336.16	317	508
23 	75    	331.3 	317	472
24 	71    	340.44	317	613
25 	74    	335.66	317	592
26 	70    	330.2 	317	515
27 	68    	331.5 	317	508
28 	63    	344.17	317	557
29 	69    	328.94	317	536
30 	66    	334.93	317	572
31 	59    	332.45	317	528
32 	64    	331.23	317	575
33 	61    	336.81	317	508
34 	75    	329.28	317	549
35 	78    	335.59	317	534
36 	70    	343.47	317	550
37 	76    	332.38	317	557
38 	75    	328.41	317	501
39 	75    	333.91	317	529
40 	60    	326.82	317	525
41 	66    	330.85	317	515
42 	69    	334.36	317	589
43 	62    	331.71	317	485
44 	70    	345   	317	530
45 	77    	341.68	317	564
46 	70    	335.54	317	530
47 	71    	329.89	317	555
48 	74    	340   	317	531
49 	69    	333.31	317	515
50 	73    	329.78	317	482
51 	71    	334.58	317	549
52 	74    	332.68	317	564
53 	76    	340.92	317	551
54 	71    	336.03	317	523
55 	69    	337.52	317	515
56 	67    	338.64	317	544
57 	66    	333.61	317	527
58 	67    	336.14	317	535
59 	64    	334.1 	317	530
60 	71    	336.8 	317	501
61 	57    	335.34	317	532
62 	69    	325.46	317	495
63 	71    	347.15	317	508
64 	69    	334.82	317	515
65 	82    	330.5 	317	477
66 	62    	327.33	317	536
67 	68    	336.65	317	515
68 	63    	325.62	317	479
69 	74    	344.79	317	541
70 	65    	335.54	317	528
71 	80    	328.59	317	515
72 	62    	332.46	317	542
73 	63    	333.2 	317	542
74 	61    	332.84	317	596
75 	69    	328.53	317	508
76 	71    	331.67	317	544
77 	74    	334.48	317	564
78 	61    	332.88	317	515
79 	61    	333.65	317	508
80 	72    	334.82	317	508
81 	56    	331.19	317	543
82 	66    	327.17	317	477
83 	72    	328.79	317	575
84 	63    	330.91	317	516
85 	77    	331.52	317	523
86 	72    	333.11	317	536
87 	70    	327.58	317	490
88 	71    	330.2 	317	511
89 	73    	331.09	317	508
90 	76    	332.83	317	501
91 	72    	332.17	317	501
92 	72    	329.02	317	553
93 	58    	327.27	317	476
94 	62    	337.1 	317	575
95 	60    	329.29	317	501
96 	71    	334.94	317	515
97 	76    	335.39	317	508
98 	63    	335.13	317	515
99 	71    	334.24	317	533
100	70    	334.23	317	603
-------------------- 30 ---------------------
log: gen	nevals	mean  	min	max
0  	100   	547.64	402	686
1  	75    	509.27	402	622
2  	71    	482.73	395	602
3  	73    	453.88	365	559
4  	70    	430.07	365	574
5  	76    	409.12	340	516
6  	74    	405.95	340	554
7  	71    	399.25	327	596
8  	73    	382.01	327	613
9  	72    	363.81	327	563
10 	71    	347.61	327	502
11 	69    	347.67	327	531
12 	67    	338.29	327	525
13 	66    	349.01	327	570
14 	65    	343.41	327	500
15 	69    	343.54	327	496
16 	70    	346.86	327	594
17 	74    	342.32	327	492
18 	62    	344.06	327	503
19 	65    	339.48	327	511
20 	61    	339.46	327	533
21 	78    	344.76	327	496
22 	73    	348.55	327	540
23 	71    	346.15	327	569
24 	64    	351.29	327	595
25 	70    	344.39	327	528
26 	68    	339.46	327	528
27 	75    	351.68	327	496
28 	69    	346.33	327	510
29 	72    	349.15	327	496
30 	69    	337.16	327	505
31 	63    	339.03	327	492
32 	58    	338.63	327	514
33 	71    	349.78	327	496
34 	73    	337.8 	327	506
35 	74    	345.6 	327	564
36 	69    	354.27	327	495
37 	63    	345.63	327	540
38 	62    	346.71	327	501
39 	66    	342.65	327	514
40 	59    	337.1 	327	496
41 	72    	343.3 	327	518
42 	73    	347.64	327	546
43 	81    	343.8 	327	623
44 	70    	336.51	327	496
45 	80    	348.67	327	492
46 	63    	341.3 	327	540
47 	68    	341.3 	327	616
48 	73    	341.41	327	499
49 	67    	346.55	327	513
50 	74    	345.44	327	521
51 	67    	340.89	327	486
52 	67    	339.9 	327	496
53 	77    	343.46	327	547
54 	63    	338.15	327	537
55 	63    	345.4 	327	534
56 	70    	338.19	327	492
57 	75    	348.75	327	586
58 	66    	342.13	327	496
59 	72    	338.95	327	513
60 	67    	337.16	327	496
61 	70    	342.18	327	653
62 	65    	344.1 	327	496
63 	68    	340.15	327	507
64 	67    	343.25	327	622
65 	69    	349.46	327	584
66 	66    	336.84	327	496
67 	66    	342.04	327	514
68 	67    	348.32	327	641
69 	67    	346.21	327	496
70 	70    	346.66	327	517
71 	70    	342.74	327	567
72 	68    	343.48	327	496
73 	70    	350.09	327	501
74 	71    	350.97	327	639
75 	63    	344.12	327	555
76 	70    	342.27	327	485
77 	58    	341.96	327	577
78 	69    	340.88	327	507
79 	77    	339.68	327	528
80 	78    	342.63	327	492
81 	70    	340.3 	327	531
82 	72    	347.71	327	548
83 	81    	344.07	327	540
84 	68    	340.59	327	485
85 	69    	345.1 	327	486
86 	61    	347.26	327	580
87 	71    	340.45	327	542
88 	76    	340.93	327	501
89 	74    	352.48	327	525
90 	74    	343.54	327	556
91 	73    	338.66	327	485
92 	65    	351.84	327	507
93 	60    	350.56	327	518
94 	79    	343.32	327	535
95 	62    	337.26	327	512
96 	77    	338.69	327	494
97 	64    	346.18	327	558
98 	78    	340.54	327	535
99 	69    	349.17	327	656
100	67    	340.98	327	486
