----------- single_objective_10Cent_50 -----------
-------------------- 1 ---------------------
log: gen	nevals	mean  	min	max
0  	100   	548.03	417	667
1  	57    	499.94	417	606
2  	75    	474.84	384	592
3  	78    	459.25	355	622
4  	72    	434.53	343	603
5  	71    	413.23	343	520
6  	72    	398.68	332	638
7  	69    	377.93	332	525
8  	74    	368.06	332	536
9  	76    	366.81	323	620
10 	58    	361.05	323	572
11 	68    	349.07	312	571
12 	76    	352.17	312	533
13 	64    	346.24	312	506
14 	71    	343.73	312	568
15 	67    	330.5 	312	534
16 	82    	327.45	312	503
17 	77    	330.08	312	510
18 	72    	326.14	312	556
19 	64    	325.11	312	535
20 	79    	331.45	312	510
21 	72    	331.58	312	517
22 	65    	332.68	312	548
23 	58    	326.74	312	502
24 	71    	330.6 	312	570
25 	69    	321.6 	312	451
26 	61    	323.07	312	560
27 	66    	328.8 	312	510
28 	70    	337.98	312	575
29 	70    	332.11	312	573
30 	60    	326.38	312	472
31 	66    	330.53	312	510
32 	71    	333.11	312	585
33 	71    	336.18	312	544
34 	63    	321.97	312	458
35 	76    	330.68	312	546
36 	64    	321.66	312	481
37 	68    	324.02	312	451
38 	57    	326.17	312	606
39 	60    	325.05	312	535
40 	77    	333.69	312	561
41 	72    	331.07	312	496
42 	61    	330.07	312	503
43 	69    	318.42	312	438
44 	76    	335.11	312	570
45 	71    	332.7 	312	525
46 	55    	326.13	312	591
47 	77    	322.29	312	516
48 	79    	332.3 	312	510
49 	74    	328.33	312	490
50 	66    	330.69	312	496
51 	59    	334.52	312	512
52 	77    	322.91	312	481
53 	64    	326.43	312	552
54 	70    	331.24	312	554
55 	67    	320.81	312	598
56 	74    	326.72	312	510
57 	63    	328.42	312	532
58 	71    	333.46	312	634
59 	68    	330.7 	312	583
60 	74    	330.7 	312	562
61 	72    	327.52	312	568
62 	66    	325.85	312	513
63 	70    	327.78	312	510
64 	84    	338.21	312	660
65 	77    	333.81	312	525
66 	64    	333.27	312	510
67 	63    	325.37	312	481
68 	69    	330.15	312	620
69 	76    	328.84	312	547
70 	55    	326.98	312	525
71 	65    	328.85	312	626
72 	70    	333.32	312	519
73 	68    	331.48	312	573
74 	72    	328.52	312	562
75 	71    	330.39	312	503
76 	75    	339.44	312	520
77 	75    	336.58	312	510
78 	74    	329.17	312	510
79 	62    	321.97	312	436
80 	67    	329.06	312	614
81 	76    	328.19	312	548
82 	73    	331.34	312	490
83 	68    	325.12	312	608
84 	75    	334.16	312	575
85 	70    	325.22	312	510
86 	67    	321.03	312	490
87 	74    	327.22	312	503
88 	82    	338.06	312	541
89 	75    	328.8 	312	503
90 	55    	324   	312	571
91 	70    	326.2 	312	526
92 	76    	327.94	312	520
93 	71    	327.34	312	510
94 	67    	327.28	312	538
95 	64    	326.59	312	481
96 	82    	328.93	312	503
97 	61    	330.49	312	557
98 	68    	325.9 	312	525
99 	72    	331.03	312	584
100	69    	336.37	312	621
-------------------- 2 ---------------------
log: gen	nevals	mean  	min	max
0  	100   	547.38	448	661
1  	76    	514.75	417	633
2  	72    	486.81	395	591
3  	76    	464.96	382	619
4  	73    	456.53	351	585
5  	71    	428.76	332	625
6  	69    	412.16	332	551
7  	66    	395.38	332	555
8  	77    	397.27	332	550
9  	71    	369.94	332	535
10 	81    	354.75	332	496
11 	63    	347.62	332	564
12 	77    	347.57	312	587
13 	73    	354.82	332	574
14 	73    	345.74	312	528
15 	61    	342.73	312	522
16 	69    	351.48	312	542
17 	66    	345.09	312	618
18 	68    	335.57	312	516
19 	68    	332.57	312	632
20 	76    	321.85	312	585
21 	79    	338.18	312	546
22 	74    	329.38	312	560
23 	68    	326.84	312	503
24 	63    	326.7 	312	522
25 	66    	333.91	312	626
26 	67    	326.89	312	481
27 	67    	330.22	312	510
28 	82    	333.43	312	507
29 	72    	327.34	312	498
30 	66    	338.4 	312	518
31 	74    	322.79	312	496
32 	64    	327.35	312	529
33 	57    	326.52	312	510
34 	66    	324.27	312	611
35 	67    	326.5 	312	604
36 	74    	327.56	312	591
37 	69    	330.68	312	538
38 	71    	337.45	312	550
39 	64    	324.76	312	519
40 	74    	324.8 	312	496
41 	61    	322.39	312	527
42 	68    	328.58	312	510
43 	70    	325.88	312	510
44 	68    	337.05	312	568
45 	68    	322.61	312	499
46 	72    	333.75	312	510
47 	79    	329.79	312	513
48 	73    	331.4 	312	572
49 	73    	328.74	312	557
50 	69    	326.18	312	540
51 	74    	325.87	312	550
52 	72    	333.99	312	503
53 	68    	327.31	312	509
54 	65    	323.48	312	510
55 	68    	323.76	312	468
56 	75    	325.71	312	503
57 	78    	331.84	312	576
58 	70    	326.91	312	500
59 	69    	334.53	312	547
60 	62    	324.7 	312	503
61 	82    	339.19	312	548
62 	66    	327.9 	312	570
63 	68    	323.69	312	496
64 	67    	330.44	312	510
65 	62    	329.55	312	510
66 	63    	325.81	312	593
67 	71    	328.05	312	570
68 	73    	325.78	312	510
69 	73    	335.2 	312	510
70 	75    	321.38	312	484
71 	71    	332.97	312	550
72 	58    	324.02	312	478
73 	72    	324.71	312	510
74 	63    	329.83	312	527
75 	64    	331.73	312	593
76 	70    	329.29	312	490
77 	73    	330.15	312	545
78 	72    	332.05	312	496
79 	61    	326.55	312	513
80 	68    	331.63	312	584
81 	71    	327.27	312	583
82 	67    	329.21	312	543
83 	70    	332.7 	312	565
84 	68    	326.18	312	560
85 	67    	326.05	312	500
86 	69    	327.77	312	538
87 	73    	320.36	312	437
88 	76    	326.49	312	544
89 	73    	320.99	312	490
90 	63    	324.82	312	480
91 	67    	325.99	312	496
92 	79    	324.52	312	472
93 	69    	328.37	312	515
94 	79    	324.35	312	490
95 	63    	324.33	312	585
96 	70    	329.16	312	510
97 	59    	327.56	312	539
98 	69    	329.11	312	506
99 	65    	332.48	312	585
100	74    	331.36	312	564
-------------------- 3 ---------------------
log: gen	nevals	mean  	min	max
0  	100   	547.69	432	641
1  	71    	510.47	411	655
2  	72    	491.07	411	617
3  	63    	470.09	390	605
4  	79    	461.29	390	584
5  	72    	450.53	390	614
6  	71    	440.52	383	580
7  	69    	435.34	383	556
8  	79    	427.97	333	555
9  	74    	410.47	333	521
10 	78    	402.86	331	522
11 	70    	395.06	331	540
12 	70    	374.5 	331	581
13 	76    	355.58	323	625
14 	75    	348.33	323	575
15 	70    	353.67	323	549
16 	76    	358.65	317	596
17 	64    	339.96	317	579
18 	69    	350.62	317	611
19 	62    	335.99	317	494
20 	75    	334.37	317	545
21 	68    	338.96	317	569
22 	80    	338.01	317	525
23 	68    	339.53	317	549
24 	75    	336.12	317	515
25 	69    	330.42	317	518
26 	73    	339.44	317	553
27 	71    	336.85	317	515
28 	70    	330.36	317	503
29 	72    	329.35	317	479
30 	72    	333.77	317	575
31 	58    	325.07	317	477
32 	67    	342.33	317	670
33 	58    	333   	317	620
34 	62    	331.22	317	482
35 	63    	329.06	317	472
36 	70    	343.67	317	560
37 	77    	331.88	317	482
38 	66    	331.8 	317	479
39 	62    	332.82	317	503
40 	60    	331.58	317	516
41 	78    	331.3 	317	508
42 	74    	340.89	317	536
43 	66    	333.38	317	532
44 	69    	333.5 	317	508
45 	78    	337.48	317	571
46 	72    	328.1 	317	551
47 	72    	335.2 	317	515
48 	71    	329.82	317	490
49 	68    	337.9 	317	556
50 	71    	331.53	317	501
51 	74    	335.3 	317	551
52 	69    	330.98	317	501
53 	64    	336.49	317	550
54 	71    	341.21	317	551
55 	74    	330.87	317	479
56 	76    	332.66	317	575
57 	75    	324.59	317	494
58 	78    	335.56	317	564
59 	64    	329.36	317	513
60 	77    	336.4 	317	598
61 	63    	331.23	317	469
62 	66    	335.35	317	631
63 	74    	335.18	317	533
64 	59    	333.76	317	598
65 	65    	333.7 	317	508
66 	57    	334.44	317	543
67 	71    	333.05	317	541
68 	63    	331.69	317	518
69 	69    	333.27	317	550
70 	76    	330.52	317	508
71 	57    	334.39	317	639
72 	79    	339.46	317	577
73 	76    	336.31	317	536
74 	67    	332.66	317	527
75 	71    	337.78	317	617
76 	69    	336.22	317	554
77 	72    	342.36	317	554
78 	68    	338.23	317	538
79 	69    	336.57	317	535
80 	77    	337.3 	317	513
81 	63    	332.49	317	482
82 	75    	337.08	317	536
83 	70    	337.53	317	518
84 	68    	332.82	317	590
85 	72    	325.71	317	479
86 	74    	332.05	317	513
87 	68    	323.62	317	477
88 	70    	326.37	317	482
89 	69    	336.32	317	598
90 	71    	328.88	317	515
91 	64    	335.4 	317	527
92 	76    	329.76	317	490
93 	76    	339.33	317	549
94 	77    	343.03	317	632
95 	67    	337.85	317	523
96 	73    	338.05	317	559
97 	73    	343.33	317	613
98 	69    	328.01	317	530
99 	68    	331.45	317	522
100	73    	334.73	317	522
-------------------- 4 ---------------------
log: gen	nevals	mean  	min	max
0  	100   	543.93	426	644
1  	65    	498.15	389	669
2  	77    	468.47	389	603
3  	59    	445.08	367	562
4  	67    	431.43	367	607
5  	57    	412.49	339	522
6  	62    	401.33	339	589
7  	67    	383.9 	332	517
8  	73    	383.6 	332	551
9  	71    	370.46	306	562
10 	79    	359.59	306	547
11 	69    	345.17	306	491
12 	71    	334.55	306	519
13 	68    	329.26	306	573
14 	66    	328.26	306	529
15 	68    	323.46	306	548
16 	67    	319.65	306	484
17 	69    	328.47	306	561
18 	62    	326.68	306	504
19 	75    	316.9 	306	468
20 	71    	327.45	306	607
21 	71    	322.48	306	490
22 	71    	321.51	306	533
23 	72    	319.2 	306	484
24 	76    	318.79	306	468
25 	69    	325.76	306	504
26 	70    	327.4 	306	615
27 	62    	328.06	306	500
28 	74    	328.88	306	497
29 	67    	323.97	306	540
30 	75    	318.89	306	504
31 	67    	331.41	306	555
32 	72    	321.77	306	544
33 	59    	318.17	306	541
34 	69    	319.69	306	484
35 	66    	321.12	306	515
36 	79    	329.42	306	537
37 	58    	319.69	306	476
38 	81    	321.32	306	547
39 	56    	319.96	306	497
40 	60    	317   	306	461
41 	66    	321.06	306	535
42 	72    	323.15	306	504
43 	67    	323.29	306	536
44 	75    	333.36	306	504
45 	60    	319.79	306	497
46 	76    	315.79	306	497
47 	67    	324.34	306	543
48 	64    	322.01	306	497
49 	71    	316.76	306	490
50 	68    	322.49	306	549
51 	61    	333.16	306	567
52 	66    	316.85	306	633
53 	68    	326.62	306	574
54 	60    	319.21	306	527
55 	77    	318.53	306	615
56 	78    	325.2 	306	497
57 	71    	322.2 	306	526
58 	76    	329.76	306	504
59 	67    	324.97	306	605
60 	77    	323.8 	306	555
61 	60    	319.47	306	550
62 	74    	324.99	306	578
63 	65    	319.47	306	529
64 	76    	320.9 	306	490
65 	67    	323.89	306	515
66 	63    	322.31	306	508
67 	65    	317.17	306	532
68 	71    	318.51	306	537
69 	81    	330.69	306	490
70 	75    	320.93	306	534
71 	70    	326.27	306	490
72 	68    	316.97	306	519
73 	66    	321.02	306	543
74 	64    	315.19	306	475
75 	70    	318.71	306	573
76 	72    	318.75	306	497
77 	75    	326.32	306	557
78 	67    	328.35	306	499
79 	69    	320.64	306	475
80 	80    	327.4 	306	510
81 	61    	330.65	306	570
82 	66    	328.7 	306	504
83 	67    	316.39	306	497
84 	77    	324.36	306	527
85 	79    	326.9 	306	589
86 	70    	328.1 	306	552
87 	68    	334.77	306	608
88 	75    	322.9 	306	497
89 	60    	317.82	306	527
90 	65    	319.2 	306	484
91 	73    	325.14	306	550
92 	75    	325.36	306	515
93 	68    	312.17	306	521
94 	64    	321.36	306	497
95 	84    	330.55	306	536
96 	68    	325.26	306	535
97 	76    	335.44	306	637
98 	66    	322.21	306	504
99 	71    	320.25	306	554
100	69    	328.1 	306	536
-------------------- 5 ---------------------
log: gen	nevals	mean  	min	max
0  	100   	544.27	440	653
1  	66    	501.97	407	606
2  	61    	476.88	365	581
3  	64    	460.26	365	632
4  	67    	441.75	344	577
5  	65    	413.52	319	575
6  	81    	403.03	319	545
7  	71    	378.85	319	612
8  	72    	373.24	319	557
9  	71    	368.25	319	561
10 	67    	343.27	319	537
11 	64    	340.95	319	559
12 	66    	331.71	319	581
13 	73    	336.54	319	553
14 	63    	337.9 	319	524
15 	71    	335.09	319	500
16 	71    	331.04	319	527
17 	75    	333.04	319	485
18 	77    	337.15	319	540
19 	65    	337.36	306	497
20 	68    	338.83	306	602
21 	75    	327.78	306	484
22 	79    	338.39	306	521
23 	74    	329.64	306	500
24 	64    	329.03	306	503
25 	73    	321.8 	306	535
26 	69    	326.18	306	504
27 	71    	323.84	306	604
28 	73    	324.06	306	592
29 	67    	325.31	306	497
30 	59    	321.51	306	504
31 	66    	319.02	306	511
32 	67    	322.12	306	506
33 	66    	323.88	306	512
34 	70    	324.43	306	578
35 	70    	332.88	306	555
36 	73    	322.74	306	497
37 	71    	317.68	306	572
38 	61    	327.32	306	506
39 	68    	316.7 	306	535
40 	67    	319.38	306	574
41 	67    	322.75	306	546
42 	69    	320.38	306	504
43 	74    	328.76	306	581
44 	75    	323.77	306	535
45 	81    	317.47	306	490
46 	64    	319.83	306	497
47 	74    	320.26	306	484
48 	73    	328.89	306	497
49 	70    	320.78	306	597
50 	75    	322.18	306	475
51 	71    	320.12	306	497
52 	70    	328.39	306	632
53 	70    	321.72	306	510
54 	66    	321.63	306	497
55 	63    	323.89	306	489
56 	63    	316.59	306	497
57 	68    	323.63	306	504
58 	69    	321.13	306	504
59 	72    	320.98	306	522
60 	68    	323.68	306	570
61 	70    	315.4 	306	585
62 	66    	321.54	306	497
63 	81    	338.03	306	632
64 	66    	319.87	306	504
65 	62    	327.81	306	593
66 	79    	333.25	306	517
67 	69    	330.88	306	504
68 	71    	321.63	306	519
69 	67    	326.92	306	497
70 	69    	321.15	306	573
71 	63    	322.69	306	580
72 	69    	325.53	306	495
73 	76    	321.02	306	577
74 	60    	326.44	306	484
75 	80    	339.46	306	637
76 	80    	324.97	306	553
77 	72    	325   	306	519
78 	76    	326.57	306	490
79 	72    	335.68	306	508
80 	68    	316.26	306	456
81 	75    	324.44	306	546
82 	68    	318.29	306	484
83 	62    	319.72	306	589
84 	80    	322.38	306	461
85 	67    	326.35	306	632
86 	74    	316.56	306	488
87 	80    	322.41	306	558
88 	73    	318.76	306	476
89 	66    	322.59	306	517
90 	69    	319.71	306	567
91 	65    	325.45	306	484
92 	64    	319.06	306	490
93 	70    	323.94	306	547
94 	68    	319.8 	306	490
95 	71    	334.29	306	597
96 	78    	328.12	306	568
97 	65    	322   	306	559
98 	66    	321.93	306	477
99 	71    	321.56	306	561
100	57    	319.66	306	525
-------------------- 6 ---------------------
log: gen	nevals	mean  	min	max
0  	100   	546.95	439	647
1  	64    	509.72	420	651
2  	74    	484.63	378	591
3  	63    	457.29	365	617
4  	61    	447.84	365	632
5  	63    	420.71	364	553
6  	71    	410.67	336	627
7  	73    	393.78	306	554
8  	77    	384.5 	306	510
9  	67    	363.82	306	517
10 	71    	362.83	306	529
11 	69    	343.54	306	583
12 	65    	330.93	306	604
13 	69    	329.9 	306	506
14 	62    	332.42	306	612
15 	79    	324.06	306	504
16 	63    	317.34	306	488
17 	75    	327.31	306	597
18 	80    	323.96	306	504
19 	69    	321.33	306	484
20 	69    	333.93	306	633
21 	76    	327.35	306	633
22 	78    	323.08	306	535
23 	70    	320.95	306	476
24 	75    	318.27	306	461
25 	67    	326.57	306	550
26 	67    	329.59	306	504
27 	77    	318.68	306	518
28 	69    	328.48	306	504
29 	76    	322.36	306	578
30 	72    	319   	306	484
31 	62    	320.53	306	493
32 	67    	317.2 	306	490
33 	74    	331.32	306	535
34 	73    	322.35	306	484
35 	77    	332.13	306	615
36 	68    	317.31	306	443
37 	75    	326.03	306	605
38 	80    	326.87	306	498
39 	73    	325.51	306	574
40 	75    	328.27	306	532
41 	73    	320.28	306	557
42 	66    	319.21	306	497
43 	71    	323.32	306	497
44 	68    	317.07	306	497
45 	72    	321.23	306	497
46 	64    	323.45	306	475
47 	62    	319.05	306	497
48 	73    	322.7 	306	514
49 	73    	332.57	306	580
50 	64    	318.74	306	553
51 	58    	321.01	306	575
52 	71    	324.67	306	542
53 	75    	325.05	306	535
54 	69    	326.34	306	510
55 	71    	323.61	306	568
56 	74    	334.44	306	565
57 	72    	326.65	306	519
58 	70    	316.89	306	488
59 	71    	324.24	306	556
60 	54    	313.52	306	452
61 	71    	319.3 	306	497
62 	74    	335.58	306	569
63 	74    	319.61	306	475
64 	80    	327.49	306	504
65 	72    	322.65	306	504
66 	60    	322.07	306	506
67 	79    	332.05	306	570
68 	67    	321.6 	306	504
69 	71    	330.12	306	621
70 	79    	317.52	306	490
71 	71    	320.84	306	504
72 	69    	320.85	306	504
73 	69    	320.6 	306	490
74 	69    	327.42	306	570
75 	59    	319.19	306	475
76 	69    	322.06	306	565
77 	74    	324.15	306	535
78 	56    	321.07	306	521
79 	69    	328.75	306	605
80 	77    	320.15	306	468
81 	72    	318.88	306	491
82 	73    	319.26	306	645
83 	68    	335.91	306	511
84 	77    	321.74	306	535
85 	70    	323.13	306	589
86 	65    	314.73	306	484
87 	71    	324.84	306	490
88 	78    	327.93	306	567
89 	71    	318.71	306	484
90 	73    	321.4 	306	572
91 	72    	323.31	306	609
92 	71    	320   	306	522
93 	73    	330.83	306	523
94 	64    	322.95	306	508
95 	70    	320.89	306	554
96 	75    	322.17	306	549
97 	65    	317.23	306	505
98 	78    	326.38	306	607
99 	74    	320.9 	306	502
100	67    	326.4 	306	509
-------------------- 7 ---------------------
log: gen	nevals	mean  	min	max
0  	100   	539.35	419	679
1  	76    	502.16	402	621
2  	70    	480.98	387	633
3  	62    	451.66	380	572
4  	66    	437.4 	373	574
5  	83    	435.15	372	573
6  	61    	413.59	337	594
7  	67    	405.42	337	543
8  	63    	399.6 	337	580
9  	67    	373.24	324	572
10 	65    	356.94	324	518
11 	78    	359   	324	541
12 	70    	352.56	324	579
13 	69    	358.54	324	573
14 	64    	360.43	324	531
15 	70    	352.63	324	521
16 	73    	349.69	311	556
17 	71    	338.43	311	498
18 	70    	334.03	311	498
19 	71    	331.34	311	512
20 	66    	324.16	311	500
21 	74    	334.52	311	509
22 	72    	335.57	311	510
23 	65    	328.95	311	610
24 	82    	337.67	311	641
25 	60    	319.02	311	589
26 	70    	340.04	311	602
27 	66    	319.78	311	471
28 	61    	320.62	311	443
29 	73    	322.46	311	580
30 	70    	330.88	311	565
31 	71    	321.98	311	546
32 	80    	329.48	311	513
33 	74    	326.56	311	509
34 	63    	323.26	311	539
35 	70    	323.28	311	540
36 	67    	327.75	311	546
37 	62    	320.22	311	544
38 	69    	341.89	311	609
39 	66    	321.47	311	489
40 	68    	322.2 	311	502
41 	70    	330.5 	311	541
42 	64    	324.13	311	502
43 	77    	325.2 	311	481
44 	64    	330.92	311	565
45 	62    	328.36	311	547
46 	62    	331.95	311	558
47 	68    	337.76	311	524
48 	66    	329.04	311	516
49 	78    	330.18	311	600
50 	70    	324.67	311	565
51 	66    	329.4 	311	522
52 	69    	332.25	311	583
53 	62    	328.88	311	550
54 	65    	327.58	311	524
55 	68    	322.8 	311	550
56 	76    	333.76	311	600
57 	70    	321.84	311	490
58 	74    	335.04	311	545
59 	63    	328.83	311	528
60 	71    	333.86	311	556
61 	77    	338.62	311	610
62 	63    	323.42	311	542
63 	60    	334.84	311	600
64 	72    	327.45	311	502
65 	73    	331.14	311	607
66 	82    	330.72	311	509
67 	75    	328.67	311	590
68 	65    	331.4 	311	565
69 	66    	324.95	311	489
70 	69    	324.9 	311	473
71 	68    	329.86	311	581
72 	79    	325.56	311	489
73 	59    	322.45	311	548
74 	74    	325.89	311	495
75 	73    	326.07	311	509
76 	62    	324.4 	311	509
77 	85    	332.81	311	565
78 	65    	323.83	311	510
79 	74    	327.79	311	508
80 	65    	329.36	311	565
81 	76    	320.55	311	468
82 	74    	332.99	311	571
83 	68    	327.75	311	509
84 	72    	325.65	311	538
85 	69    	332.12	311	511
86 	64    	321.15	311	480
87 	67    	317.52	311	453
88 	70    	326.64	311	489
89 	67    	326.48	311	514
90 	64    	322.46	311	472
91 	67    	321.41	311	471
92 	75    	325.2 	311	537
93 	74    	329.52	311	542
94 	71    	331.82	311	529
95 	63    	321.73	311	528
96 	69    	327.96	311	551
97 	63    	328.74	311	509
98 	64    	321.71	311	589
99 	71    	321.88	311	488
100	76    	331.83	311	528
-------------------- 8 ---------------------
log: gen	nevals	mean  	min	max
0  	100   	549.59	435	678
1  	63    	505.66	412	597
2  	65    	479.67	412	573
3  	63    	451.97	368	567
4  	64    	436.27	345	560
5  	72    	432.87	339	593
6  	66    	418.2 	339	542
7  	75    	416.5 	311	542
8  	75    	417.3 	339	603
9  	75    	391.45	311	562
10 	71    	378.95	311	580
11 	81    	372.56	311	502
12 	77    	353.39	306	548
13 	67    	341.5 	306	598
14 	72    	328.13	306	510
15 	63    	325.38	306	495
16 	75    	337.57	306	531
17 	76    	331.04	306	659
18 	72    	323.5 	306	494
19 	72    	322.63	306	526
20 	78    	322.76	306	493
21 	67    	326.49	306	554
22 	59    	313.59	306	480
23 	75    	317.19	306	597
24 	85    	325.46	306	516
25 	71    	330.17	306	504
26 	59    	322.32	306	504
27 	70    	322.08	306	594
28 	66    	329.91	306	603
29 	78    	319.31	306	581
30 	80    	318.02	306	497
31 	75    	327.08	306	504
32 	68    	327.1 	306	533
33 	80    	323.42	306	651
34 	77    	327.83	306	555
35 	76    	329.12	306	570
36 	68    	323.52	306	497
37 	73    	325.91	306	487
38 	73    	324.9 	306	607
39 	61    	319.64	306	504
40 	63    	315.99	306	497
41 	63    	324.56	306	569
42 	68    	326.47	306	490
43 	65    	316.32	306	510
44 	67    	321.93	306	487
45 	59    	322.12	306	553
46 	68    	335.95	306	585
47 	73    	317.2 	306	520
48 	72    	323.02	306	490
49 	80    	317.36	306	461
50 	72    	316.82	306	471
51 	68    	331.03	306	507
52 	61    	322.7 	306	566
53 	70    	321.03	306	514
54 	82    	318.86	306	524
55 	73    	322.42	306	490
56 	78    	326.23	306	510
57 	68    	319.8 	306	492
58 	62    	321.69	306	504
59 	63    	318.44	306	566
60 	66    	319.5 	306	490
61 	77    	331.86	306	598
62 	71    	321.01	306	525
63 	63    	320.63	306	536
64 	69    	326.8 	306	539
65 	73    	324.36	306	526
66 	65    	328.9 	306	539
67 	68    	321.89	306	497
68 	74    	323.35	306	517
69 	61    	327.15	306	499
70 	61    	322.19	306	510
71 	68    	327.19	306	582
72 	79    	327.52	306	535
73 	70    	317.92	306	506
74 	75    	320.8 	306	508
75 	66    	324.42	306	588
76 	78    	322.52	306	592
77 	62    	321.48	306	536
78 	79    	327.17	306	553
79 	76    	323.47	306	521
80 	81    	325.48	306	530
81 	70    	322.61	306	567
82 	71    	320.75	306	515
83 	69    	316.71	306	438
84 	69    	318.08	306	572
85 	67    	315.88	306	504
86 	72    	318.65	306	532
87 	72    	322.31	306	523
88 	74    	325.27	306	563
89 	69    	324.34	306	504
90 	64    	322.32	306	555
91 	70    	321.53	306	509
92 	74    	320.21	306	471
93 	76    	323.15	306	579
94 	61    	319.59	306	490
95 	82    	325.89	306	540
96 	68    	324.33	306	579
97 	61    	322.86	306	529
98 	63    	328.57	306	563
99 	72    	333.38	306	501
100	73    	333.97	306	540
-------------------- 9 ---------------------
log: gen	nevals	mean  	min	max
0  	100   	554.36	444	646
1  	68    	519.41	397	646
2  	74    	494.09	375	618
3  	74    	476.82	364	604
4  	69    	468.46	364	628
5  	61    	445.39	364	573
6  	70    	428.92	364	574
7  	68    	415.14	357	582
8  	63    	416.96	336	612
9  	82    	400.61	311	532
10 	69    	389.4 	311	554
11 	73    	377.85	311	549
12 	66    	364.08	311	560
13 	73    	345.71	311	559
14 	70    	332.36	311	556
15 	76    	329.68	311	609
16 	67    	334.16	311	565
17 	69    	332.76	311	581
18 	65    	333.46	311	516
19 	64    	326.54	311	509
20 	66    	329.25	311	528
21 	71    	328.78	311	551
22 	65    	326.61	311	515
23 	80    	328.06	311	471
24 	69    	329.31	311	509
25 	74    	332.99	311	509
26 	76    	328.47	311	538
27 	85    	329.42	311	567
28 	60    	326.21	311	540
29 	62    	326.08	311	524
30 	77    	318.74	311	468
31 	69    	331.43	311	509
32 	85    	330.48	311	521
33 	73    	324.94	311	471
34 	74    	331.06	311	585
35 	72    	336.24	311	546
36 	73    	324.11	311	480
37 	68    	331.99	311	548
38 	69    	324.34	311	518
39 	71    	326.93	311	519
40 	64    	319.53	311	495
41 	66    	327.23	311	509
42 	69    	329.13	311	567
43 	72    	325.54	311	489
44 	73    	331.13	311	600
45 	69    	326.82	311	538
46 	70    	321.49	311	502
47 	66    	326.86	311	509
48 	71    	317.63	311	473
49 	63    	326.97	311	548
50 	67    	331.8 	311	584
51 	65    	329.12	311	502
52 	61    	325.83	311	508
53 	66    	330.48	311	524
54 	70    	326.94	311	553
55 	69    	324.81	311	505
56 	68    	328.34	311	558
57 	73    	329.82	311	547
58 	65    	322.68	311	480
59 	62    	327.61	311	522
60 	76    	330.9 	311	564
61 	73    	326.11	311	514
62 	82    	328.87	311	538
63 	69    	334.14	311	522
64 	68    	326.73	311	541
65 	71    	324.95	311	564
66 	71    	326.34	311	508
67 	74    	326.2 	311	471
68 	60    	330.92	311	578
69 	67    	327.24	311	518
70 	65    	332.19	311	570
71 	69    	337.48	311	580
72 	76    	326.11	311	502
73 	71    	328.39	311	659
74 	72    	319.14	311	473
75 	65    	334.65	311	513
76 	62    	328.05	311	495
77 	72    	326.09	311	551
78 	65    	331.27	311	541
79 	61    	322.25	311	521
80 	79    	327.81	311	509
81 	75    	327.68	311	585
82 	77    	320.55	311	480
83 	72    	325.98	311	568
84 	71    	332.14	311	551
85 	62    	328.23	311	593
86 	81    	321.21	311	495
87 	67    	335.44	311	612
88 	74    	324.71	311	503
89 	78    	326.1 	311	543
90 	76    	328.7 	311	538
91 	69    	321.26	311	512
92 	69    	327.58	311	495
93 	65    	323.38	311	556
94 	71    	326.2 	311	547
95 	69    	328.42	311	509
96 	62    	316.86	311	459
97 	69    	325.04	311	530
98 	60    	330.37	311	502
99 	75    	328.45	311	524
100	70    	325.34	311	546
-------------------- 10 ---------------------
log: gen	nevals	mean  	min	max
0  	100   	547.35	428	693
1  	79    	504.23	424	643
2  	71    	468.96	405	613
3  	73    	451.7 	380	603
4  	66    	439.81	356	576
5  	70    	433.45	356	586
6  	71    	425.15	355	549
7  	76    	410.47	350	570
8  	73    	401.12	350	528
9  	76    	393.26	350	565
10 	78    	388.87	350	575
11 	74    	379.68	350	574
12 	81    	371.98	312	487
13 	65    	370.45	312	550
14 	72    	372.08	312	513
15 	67    	368.15	312	543
16 	80    	362.95	312	540
17 	65    	340.16	312	496
18 	82    	331.83	312	506
19 	72    	327.41	312	557
20 	60    	326.65	312	516
21 	69    	324.97	312	521
22 	63    	323.46	312	510
23 	64    	321.26	312	436
24 	77    	325.5 	312	510
25 	68    	329.26	312	578
26 	79    	326.53	312	510
27 	72    	328.83	312	613
28 	69    	333.3 	312	636
29 	68    	330.4 	312	565
30 	67    	325.64	312	503
31 	68    	326.34	312	505
32 	68    	320.93	312	500
33 	68    	322.99	312	507
34 	73    	327.93	312	599
35 	67    	321.6 	312	501
36 	70    	331.75	312	573
37 	66    	325.25	312	510
38 	76    	325.4 	312	529
39 	68    	326.9 	312	546
40 	72    	334.08	312	510
41 	69    	328.4 	312	543
42 	72    	331.89	312	503
43 	88    	325.6 	312	537
44 	67    	326.89	312	496
45 	74    	324.78	312	496
46 	74    	330.7 	312	526
47 	70    	331.78	312	598
48 	73    	339.1 	312	579
49 	69    	326.97	312	538
50 	81    	334.21	312	503
51 	73    	334.63	312	561
52 	68    	330.32	312	510
53 	73    	329.1 	312	570
54 	73    	323.2 	312	575
55 	73    	332.74	312	512
56 	78    	333.93	312	564
57 	59    	332.37	312	578
58 	63    	324.5 	312	503
59 	74    	328.85	312	576
60 	60    	322.47	312	528
61 	59    	330.59	312	510
62 	72    	330   	312	528
63 	66    	326.91	312	472
64 	73    	323.92	312	510
65 	81    	337.31	312	536
66 	75    	336.09	312	546
67 	70    	331.69	312	503
68 	71    	323.92	312	517
69 	72    	331.77	312	490
70 	69    	334.33	312	516
71 	70    	331.51	312	523
72 	72    	330.91	312	535
73 	64    	324.25	312	526
74 	69    	330.04	312	527
75 	73    	329.47	312	510
76 	61    	329.54	312	651
77 	71    	330.1 	312	564
78 	70    	330.34	312	553
79 	71    	325.96	312	531
80 	73    	333.02	312	571
81 	72    	333.73	312	524
82 	69    	319.14	312	472
83 	75    	340.35	312	591
84 	73    	326.96	312	477
85 	76    	322.45	312	481
86 	68    	324.67	312	528
87 	79    	331.68	312	496
88 	72    	326.08	312	474
89 	78    	335.15	312	563
90 	72    	330.85	312	496
91 	59    	320.62	312	526
92 	61    	338.89	312	542
93 	77    	323.4 	312	510
94 	71    	329.86	312	508
95 	74    	336.12	312	555
96 	65    	326.64	312	496
97 	68    	324.07	312	501
98 	72    	324.07	312	501
99 	70    	330.68	312	510
100	70    	339.25	312	554
-------------------- 11 ---------------------
log: gen	nevals	mean  	min	max
0  	100   	540.71	402	668
1  	66    	490.07	402	619
2  	72    	468.62	383	646
3  	81    	457.38	348	593
4  	67    	430.62	348	599
5  	66    	413.38	348	578
6  	76    	409.02	328	560
7  	73    	391   	328	533
8  	59    	373.37	328	572
9  	68    	366.11	328	526
10 	73    	361.18	328	530
11 	66    	360.37	328	527
12 	74    	351.72	328	541
13 	73    	348.77	328	519
14 	67    	339.59	328	512
15 	69    	351.85	328	561
16 	69    	345.47	328	512
17 	75    	346.91	328	519
18 	75    	340.92	328	519
19 	75    	342.64	328	571
20 	69    	344.2 	328	526
21 	77    	346.49	328	592
22 	68    	341.84	328	512
23 	70    	341.6 	328	506
24 	69    	349.37	328	512
25 	65    	344.04	328	526
26 	71    	345.34	328	526
27 	68    	342.51	328	497
28 	63    	345.08	328	507
29 	72    	337.74	328	509
30 	70    	348.85	328	639
31 	79    	343.28	328	506
32 	60    	343.54	328	544
33 	71    	340.09	328	491
34 	66    	335.13	328	467
35 	72    	346.46	328	512
36 	72    	345.92	328	541
37 	72    	345.81	328	514
38 	72    	346.86	328	596
39 	72    	343.5 	328	514
40 	72    	336.8 	328	526
41 	70    	342.53	328	569
42 	64    	340.01	328	606
43 	78    	351.19	328	586
44 	74    	337.19	328	526
45 	71    	343.28	328	518
46 	68    	344.52	328	528
47 	72    	338.77	328	512
48 	67    	347.96	328	526
49 	73    	354.21	328	530
50 	67    	334   	328	460
51 	76    	351.65	328	519
52 	69    	339.49	328	526
53 	75    	343.92	328	533
54 	72    	338.32	328	526
55 	63    	348.72	328	529
56 	69    	347.07	328	575
57 	69    	339.47	328	512
58 	67    	340.87	328	486
59 	64    	343.46	328	526
60 	67    	345.98	328	559
61 	78    	347.61	328	531
62 	68    	337.07	328	506
63 	74    	351.04	328	547
64 	76    	344.93	328	538
65 	72    	343.94	328	600
66 	75    	344.19	328	545
67 	71    	338.52	328	526
68 	74    	343.91	328	592
69 	66    	341.86	328	491
70 	70    	340.95	328	519
71 	63    	344.49	328	506
72 	73    	352.24	328	529
73 	69    	347.59	328	561
74 	64    	339.7 	328	497
75 	73    	348.84	328	567
76 	73    	341.95	328	632
77 	66    	348.24	328	592
78 	75    	344   	328	526
79 	73    	339.22	328	526
80 	62    	343.47	328	541
81 	82    	344.49	328	526
82 	75    	344.39	328	486
83 	65    	336.03	328	519
84 	73    	340.74	328	529
85 	73    	340.73	328	497
86 	67    	341   	328	528
87 	74    	343.82	328	576
88 	74    	341.22	328	516
89 	62    	341.43	328	528
90 	68    	339.42	328	512
91 	69    	341.59	328	519
92 	68    	336.55	328	512
93 	68    	340.63	328	512
94 	69    	339.82	328	597
95 	72    	355.49	328	629
96 	74    	345.7 	328	530
97 	59    	337.31	328	519
98 	64    	339.22	328	490
99 	77    	339.78	328	559
100	64    	345.48	328	555
-------------------- 12 ---------------------
log: gen	nevals	mean  	min	max
0  	100   	536   	401	647
1  	73    	499.52	401	646
2  	81    	469.68	395	584
3  	68    	454.75	390	589
4  	77    	441.33	369	596
5  	58    	420.51	365	600
6  	67    	408.15	365	555
7  	66    	397.14	340	545
8  	56    	376.34	339	580
9  	74    	377.41	327	626
10 	58    	363.81	327	577
11 	63    	349.21	327	471
12 	70    	345.8 	327	505
13 	68    	338.82	327	506
14 	65    	336.56	327	525
15 	69    	338.33	327	485
16 	64    	337.7 	327	514
17 	69    	339.67	327	604
18 	73    	344.43	327	486
19 	79    	346.55	327	589
20 	68    	345.56	327	525
21 	68    	340.71	327	549
22 	76    	340.06	327	505
23 	66    	340.51	327	526
24 	68    	343.09	327	525
25 	68    	345.16	327	548
26 	77    	341.2 	327	554
27 	67    	340.69	327	547
28 	80    	344.42	327	489
29 	77    	348.98	327	576
30 	65    	340.1 	327	525
31 	64    	342.33	327	525
32 	76    	350.62	327	599
33 	76    	343.38	327	514
34 	77    	341.75	327	624
35 	65    	339.19	327	569
36 	72    	337.4 	327	525
37 	76    	346.45	327	602
38 	75    	339.45	327	542
39 	68    	343.62	327	520
40 	77    	352.93	327	493
41 	66    	336.96	327	489
42 	67    	341.04	327	498
43 	71    	344.33	327	525
44 	64    	352.4 	327	561
45 	73    	341.05	327	548
46 	75    	347.25	327	577
47 	64    	341.15	327	525
48 	77    	349.11	327	569
49 	73    	337.07	327	536
50 	73    	339.72	327	585
51 	70    	348.23	327	537
52 	76    	343.07	327	549
53 	70    	342.31	327	589
54 	76    	341.12	327	506
55 	69    	344.96	327	549
56 	70    	336.57	327	472
57 	73    	350.19	327	567
58 	68    	347.21	327	571
59 	74    	338.55	327	496
60 	69    	340.33	327	519
61 	68    	342.52	327	534
62 	72    	346.46	327	515
63 	69    	342.69	327	525
64 	67    	346.14	327	558
65 	71    	341.58	327	599
66 	67    	338.69	327	496
67 	73    	341.8 	327	496
68 	75    	345.76	327	525
69 	72    	338.53	327	532
70 	79    	342.53	327	576
71 	67    	350.3 	327	570
72 	65    	338.63	327	496
73 	74    	346.79	327	528
74 	76    	346.63	327	521
75 	74    	346.89	327	522
76 	69    	343.3 	327	516
77 	75    	344.71	327	525
78 	75    	342.6 	327	525
79 	74    	345.2 	327	583
80 	60    	342.42	327	520
81 	66    	342.59	327	610
82 	68    	345.3 	327	525
83 	73    	350.51	327	595
84 	70    	341.42	327	507
85 	72    	345   	327	496
86 	78    	348.35	327	569
87 	73    	341.38	327	542
88 	71    	348.9 	327	575
89 	61    	342.23	327	525
90 	79    	345.37	327	594
91 	69    	353.85	327	525
92 	75    	345.67	327	556
93 	69    	339.47	327	525
94 	70    	345.36	327	526
95 	76    	344.18	327	545
96 	71    	335.24	327	555
97 	73    	341.23	327	501
98 	64    	345.13	327	490
99 	73    	345.16	327	505
100	79    	344.73	327	579
-------------------- 13 ---------------------
log: gen	nevals	mean  	min	max
0  	100   	547.74	462	643
1  	74    	515.12	441	637
2  	77    	501.19	440	619
3  	69    	485.45	407	641
4  	74    	460.78	377	593
5  	68    	449.84	376	614
6  	72    	441.64	366	627
7  	73    	425   	368	582
8  	66    	402.45	339	546
9  	71    	399.4 	311	546
10 	60    	386.12	306	534
11 	72    	371.59	311	538
12 	78    	358.2 	311	550
13 	72    	344.4 	311	569
14 	72    	328.88	311	556
15 	79    	326.22	311	536
16 	77    	327.65	311	516
17 	71    	324.39	311	514
18 	70    	319.52	311	509
19 	72    	330.56	311	495
20 	72    	337.8 	311	553
21 	75    	335.63	311	568
22 	67    	326.08	311	502
23 	72    	323.09	311	604
24 	70    	328.56	311	489
25 	70    	321.41	311	468
26 	73    	328.3 	311	509
27 	73    	332.22	311	537
28 	58    	333.99	311	586
29 	75    	325.81	311	509
30 	68    	326.45	311	473
31 	78    	328.27	311	602
32 	68    	330.99	311	589
33 	61    	329   	311	583
34 	72    	320.61	311	454
35 	72    	321.81	311	476
36 	65    	329.02	311	521
37 	76    	330.54	311	670
38 	69    	323.56	311	502
39 	75    	332.07	311	509
40 	71    	333.21	311	572
41 	75    	329.71	311	509
42 	79    	326.34	311	607
43 	71    	328.23	311	502
44 	77    	336.18	311	566
45 	68    	326.91	311	565
46 	76    	327.22	311	524
47 	58    	329.2 	311	558
48 	65    	323.21	311	498
49 	69    	335.72	311	609
50 	64    	325.39	311	530
51 	66    	327.73	311	584
52 	66    	336.29	311	551
53 	71    	331.73	311	495
54 	66    	328.83	311	495
55 	75    	323.04	311	502
56 	61    	330.16	311	545
57 	72    	336.02	311	574
58 	77    	330.32	311	581
59 	64    	330.35	311	536
60 	81    	318.85	311	444
61 	71    	330.66	311	488
62 	78    	324.19	311	495
63 	71    	332.25	311	502
64 	66    	324.04	311	473
65 	63    	336.54	311	558
66 	75    	331.74	311	536
67 	71    	330.87	311	525
68 	67    	329.72	311	581
69 	69    	322.04	311	489
70 	61    	327.12	311	509
71 	73    	338.96	311	579
72 	65    	331.24	311	517
73 	74    	322.01	311	502
74 	70    	333.6 	311	533
75 	71    	326.86	311	495
76 	80    	327.31	311	609
77 	76    	323.14	311	489
78 	72    	329.72	311	550
79 	68    	321.81	311	550
80 	71    	329   	311	514
81 	67    	330.93	311	543
82 	77    	330.93	311	498
83 	78    	330.05	311	602
84 	66    	325.26	311	509
85 	77    	327.71	311	534
86 	68    	329.48	311	509
87 	66    	321.35	311	489
88 	72    	336.18	311	565
89 	62    	332.85	311	607
90 	74    	334.68	311	497
91 	66    	328.55	311	519
92 	72    	327.1 	311	626
93 	75    	337.53	311	552
94 	67    	329.52	311	502
95 	73    	329.07	311	520
96 	64    	337   	311	502
97 	76    	329.45	311	509
98 	71    	331.74	311	509
99 	57    	323.12	311	491
100	69    	327.29	311	524
-------------------- 14 ---------------------
log: gen	nevals	mean  	min	max
0  	100   	543.73	408	647
1  	67    	497.1 	404	627
2  	72    	476.62	404	652
3  	69    	457.67	401	594
4  	72    	447   	357	582
5  	83    	436.3 	357	583
6  	60    	423.55	353	562
7  	66    	414.96	337	585
8  	66    	400.05	337	532
9  	62    	388.18	331	554
10 	69    	378.8 	323	584
11 	72    	370.93	317	570
12 	71    	357.26	317	527
13 	70    	342.37	312	582
14 	66    	337.1 	312	542
15 	69    	337.52	312	503
16 	73    	335.49	312	513
17 	65    	332.08	312	513
18 	75    	347.4 	312	495
19 	69    	335.91	312	532
20 	69    	332.01	312	548
21 	68    	325.07	312	575
22 	68    	331.89	312	537
23 	73    	328.94	312	593
24 	78    	330.64	312	614
25 	62    	323.88	312	555
26 	76    	330.38	312	540
27 	73    	324.34	312	503
28 	60    	325.06	312	510
29 	71    	325.45	312	554
30 	58    	332.35	312	576
31 	73    	336.51	312	566
32 	70    	335.3 	312	510
33 	77    	329.1 	312	482
34 	62    	333.99	312	502
35 	65    	328.13	312	490
36 	63    	327.98	312	535
37 	71    	333.29	312	539
38 	69    	330.47	312	564
39 	64    	327.67	312	553
40 	74    	329.17	312	542
41 	70    	326.53	312	503
42 	67    	323.38	312	496
43 	70    	329.71	312	497
44 	62    	326.25	312	578
45 	70    	337.52	312	580
46 	68    	327.32	312	546
47 	67    	328.64	312	608
48 	77    	325.95	312	570
49 	86    	333.78	312	564
50 	84    	329.8 	312	549
51 	75    	325.38	312	496
52 	70    	326.34	312	491
53 	68    	332.03	312	571
54 	73    	327.31	312	477
55 	67    	325   	312	510
56 	68    	334.15	312	559
57 	69    	330.19	312	510
58 	66    	327.63	312	617
59 	71    	329.01	312	507
60 	73    	344.09	312	559
61 	67    	328.41	312	577
62 	65    	331.14	312	561
63 	64    	332.83	312	606
64 	73    	324.67	312	554
65 	64    	325.79	312	512
66 	69    	331.95	312	519
67 	75    	330.41	312	497
68 	75    	323.4 	312	503
69 	75    	330.25	312	585
70 	72    	326.44	312	575
71 	70    	322.92	312	481
72 	59    	330.12	312	556
73 	77    	333.55	312	591
74 	64    	323.1 	312	529
75 	67    	329.51	312	613
76 	69    	324.32	312	520
77 	79    	331.85	312	539
78 	69    	334.38	312	570
79 	65    	331.85	312	598
80 	82    	332.5 	312	570
81 	73    	334.21	312	549
82 	77    	330.51	312	501
83 	71    	331.37	312	529
84 	66    	322.59	312	469
85 	73    	325.77	312	510
86 	71    	330.44	312	477
87 	75    	325.83	312	615
88 	62    	326.89	312	490
89 	66    	327.47	312	510
90 	68    	328.59	312	526
91 	68    	328.06	312	496
92 	78    	324.24	312	510
93 	64    	326.42	312	516
94 	67    	332.39	312	510
95 	72    	323.57	312	563
96 	66    	329.55	312	496
97 	70    	330.71	312	494
98 	71    	329.92	312	503
99 	64    	320.52	312	438
100	77    	330.67	312	486
-------------------- 15 ---------------------
log: gen	nevals	mean  	min	max
0  	100   	544.91	405	674
1  	71    	505.39	404	634
2  	62    	476.86	401	589
3  	59    	453.09	353	567
4  	73    	435.81	371	587
5  	71    	417.97	371	545
6  	67    	419.75	345	602
7  	75    	413.72	343	567
8  	71    	396.73	334	527
9  	67    	386.66	334	559
10 	69    	385.85	334	589
11 	69    	377.34	334	555
12 	80    	368.11	334	508
13 	77    	369.3 	334	525
14 	71    	351.97	334	625
15 	68    	349.17	334	576
16 	77    	349.89	334	497
17 	67    	343.66	317	528
18 	66    	351.78	317	563
19 	69    	344.96	317	508
20 	71    	344.54	317	543
21 	66    	353.18	317	516
22 	75    	342.71	317	588
23 	73    	325.88	317	550
24 	73    	334.34	317	589
25 	73    	338.08	317	572
26 	63    	332.59	317	515
27 	67    	334   	317	566
28 	72    	330.59	317	508
29 	64    	329.56	317	482
30 	71    	337.92	317	515
31 	83    	340.93	317	551
32 	72    	336.07	317	596
33 	63    	332.35	317	485
34 	66    	328.23	317	593
35 	64    	332.69	317	546
36 	73    	335.31	317	559
37 	70    	341.13	317	565
38 	70    	330.39	317	472
39 	72    	333.85	317	495
40 	65    	331.85	317	515
41 	73    	331.84	317	501
42 	67    	330.6 	317	486
43 	62    	333.3 	317	515
44 	64    	336.79	317	512
45 	60    	334.79	317	515
46 	65    	347.55	317	588
47 	86    	341.56	317	510
48 	71    	334.59	317	515
49 	80    	341.06	317	598
50 	72    	335.61	317	631
51 	76    	334.74	317	538
52 	64    	331.07	317	508
53 	74    	332.94	317	513
54 	72    	331.68	317	515
55 	74    	344.69	317	516
56 	78    	336.73	317	575
57 	78    	327.28	317	511
58 	60    	333.65	317	606
59 	54    	334.44	317	527
60 	80    	338.27	317	515
61 	71    	338.38	317	569
62 	72    	337.61	317	542
63 	78    	330.49	317	501
64 	71    	331.76	317	477
65 	71    	338.65	317	558
66 	71    	331.4 	317	515
67 	78    	348.23	317	527
68 	64    	331.29	317	521
69 	73    	329.71	317	509
70 	69    	336.46	317	515
71 	71    	342.66	317	670
72 	69    	334.83	317	520
73 	66    	343.56	317	613
74 	73    	343.81	317	527
75 	70    	332.36	317	501
76 	80    	333.89	317	515
77 	66    	330.68	317	577
78 	75    	330.08	317	499
79 	70    	343.88	317	577
80 	66    	333.98	317	558
81 	71    	344.22	317	554
82 	71    	332.61	317	538
83 	67    	331.54	317	501
84 	67    	326.54	317	515
85 	72    	336.32	317	526
86 	70    	329.54	317	542
87 	71    	338.21	317	533
88 	62    	337.95	317	549
89 	59    	322.33	317	479
90 	64    	329.05	317	532
91 	76    	339.05	317	590
92 	73    	329.78	317	508
93 	73    	334.66	317	547
94 	71    	332.43	317	515
95 	68    	334.92	317	533
96 	65    	331.17	317	477
97 	76    	332.52	317	566
98 	68    	333.04	317	544
99 	62    	333.81	317	593
100	74    	331.15	317	515
-------------------- 16 ---------------------
log: gen	nevals	mean  	min	max
0  	100   	546.72	401	680
1  	65    	497.47	377	613
2  	58    	461.01	377	606
3  	71    	447.38	377	575
4  	63    	431.85	368	538
5  	75    	419.27	368	567
6  	68    	414.49	336	550
7  	67    	403.17	336	574
8  	70    	385.88	336	562
9  	66    	374.31	324	615
10 	72    	359.98	324	572
11 	76    	356.08	324	514
12 	58    	343.59	324	484
13 	65    	342.71	324	516
14 	67    	337.07	324	590
15 	59    	328.44	324	453
16 	63    	340.32	324	496
17 	71    	338.95	324	573
18 	62    	342.71	324	500
19 	78    	342.51	324	606
20 	70    	340.2 	324	496
21 	61    	342.24	324	595
22 	65    	343.71	324	625
23 	63    	340.53	324	545
24 	73    	337.99	324	550
25 	66    	341.25	324	544
26 	71    	339.26	324	585
27 	73    	342.04	324	594
28 	65    	340.2 	324	536
29 	59    	335.43	324	568
30 	71    	339.46	324	497
31 	63    	340.63	324	508
32 	72    	339.52	324	510
33 	67    	333.4 	324	486
34 	68    	331.96	324	486
35 	77    	336.65	324	580
36 	69    	342.02	324	566
37 	64    	334.54	324	467
38 	62    	338.73	324	583
39 	69    	342.24	324	496
40 	63    	338.31	324	496
41 	66    	333.02	324	474
42 	72    	338.56	324	509
43 	81    	336.17	324	511
44 	65    	340.88	324	518
45 	78    	344.58	324	539
46 	65    	332.51	324	467
47 	70    	337.6 	324	494
48 	70    	349.28	324	658
49 	67    	335.15	324	508
50 	60    	334.34	324	467
51 	75    	345.1 	324	550
52 	68    	336.72	324	534
53 	73    	334.72	324	486
54 	78    	334.05	324	496
55 	61    	333.02	324	493
56 	76    	339.51	324	505
57 	72    	338.4 	324	490
58 	82    	337.5 	324	527
59 	73    	341.38	324	504
60 	60    	336.25	324	536
61 	77    	347.72	324	508
62 	72    	341.52	324	599
63 	59    	336.87	324	499
64 	68    	340.03	324	469
65 	65    	340.5 	324	522
66 	66    	339.27	324	493
67 	63    	341.61	324	567
68 	78    	342.59	324	506
69 	69    	333.45	324	507
70 	68    	341.35	324	496
71 	77    	339.91	324	550
72 	72    	344.21	324	539
73 	68    	338.32	324	469
74 	78    	339.88	324	496
75 	66    	341.62	324	523
76 	62    	342.21	324	507
77 	70    	339.76	324	510
78 	60    	339.84	324	508
79 	68    	340.08	324	512
80 	65    	342.07	324	558
81 	75    	335.33	324	525
82 	64    	341.52	324	605
83 	65    	334.99	324	493
84 	60    	336.45	324	486
85 	79    	338.3 	324	496
86 	70    	336.53	324	464
87 	75    	341.91	324	573
88 	64    	338.52	324	493
89 	74    	345.65	324	519
90 	73    	337.95	324	573
91 	66    	336.78	324	487
92 	69    	332.06	324	465
93 	79    	346.42	324	496
94 	64    	340.24	324	483
95 	61    	339.34	324	555
96 	74    	337.08	324	496
97 	78    	350.04	324	588
98 	69    	340.59	324	467
99 	79    	337.86	324	500
100	70    	335.85	324	551
-------------------- 17 ---------------------
log: gen	nevals	mean  	min	max
0  	100   	548.1 	431	651
1  	75    	511.52	396	621
2  	56    	475.77	396	583
3  	79    	461.71	396	625
4  	61    	433.89	375	570
5  	62    	424.06	330	539
6  	75    	410.79	330	533
7  	72    	402.15	317	545
8  	68    	385.21	330	523
9  	74    	378.03	330	579
10 	69    	357.75	317	511
11 	53    	343.26	317	492
12 	72    	339.78	317	499
13 	72    	340.37	312	527
14 	67    	329.83	312	508
15 	82    	345.4 	312	601
16 	66    	339.96	312	588
17 	73    	330.66	312	496
18 	79    	327.92	312	527
19 	67    	335.11	312	552
20 	66    	321.48	312	496
21 	71    	332.84	312	520
22 	70    	327.46	312	510
23 	58    	319.95	312	520
24 	71    	326.63	312	627
25 	82    	330.72	312	550
26 	54    	332.84	312	510
27 	65    	324.36	312	506
28 	63    	338.64	312	583
29 	67    	324.28	312	503
30 	78    	327.64	312	518
31 	74    	324.01	312	476
32 	68    	324.85	312	571
33 	63    	323.61	312	591
34 	75    	329.41	312	530
35 	64    	326.76	312	528
36 	72    	326.99	312	503
37 	78    	328.95	312	623
38 	66    	329.76	312	537
39 	65    	331.9 	312	607
40 	76    	340.56	312	511
41 	68    	322.35	312	510
42 	66    	327.36	312	597
43 	66    	330.4 	312	515
44 	68    	329.14	312	463
45 	74    	333.33	312	555
46 	71    	328.62	312	497
47 	79    	332.36	312	527
48 	74    	321.78	312	490
49 	68    	321.07	312	496
50 	71    	328.31	312	481
51 	71    	332   	312	510
52 	68    	326.86	312	509
53 	70    	330.11	312	508
54 	70    	323.5 	312	496
55 	68    	333.11	312	585
56 	69    	327.83	312	510
57 	70    	324   	312	503
58 	78    	328.1 	312	496
59 	65    	326.29	312	578
60 	62    	322.15	312	455
61 	69    	343.53	312	660
62 	71    	326.66	312	472
63 	60    	328.84	312	508
64 	74    	327.51	312	501
65 	75    	326.86	312	560
66 	79    	327.76	312	561
67 	72    	322.57	312	523
68 	73    	334.15	312	545
69 	75    	341.7 	312	527
70 	73    	330.97	312	565
71 	63    	322.87	312	530
72 	78    	334.18	312	611
73 	70    	327.46	312	524
74 	72    	330.12	312	477
75 	67    	337.64	312	601
76 	61    	323.74	312	496
77 	74    	335.36	312	532
78 	73    	331.24	312	538
79 	77    	331.61	312	510
80 	65    	330.53	312	563
81 	70    	329.54	312	528
82 	70    	331.83	312	526
83 	66    	335.95	312	541
84 	70    	330.81	312	503
85 	81    	337.31	312	584
86 	65    	326.7 	312	510
87 	72    	340.07	312	595
88 	67    	329.8 	312	510
89 	71    	335.52	312	621
90 	70    	329.07	312	573
91 	68    	334.17	312	543
92 	63    	328.89	312	549
93 	76    	335.45	312	510
94 	67    	327.45	312	499
95 	74    	332.18	312	510
96 	71    	326.84	312	515
97 	77    	329.04	312	561
98 	68    	328.93	312	580
99 	73    	326.12	312	503
100	65    	333.81	312	575
-------------------- 18 ---------------------
log: gen	nevals	mean  	min	max
0  	100   	553.23	440	676
1  	72    	514.36	436	618
2  	65    	492.72	405	603
3  	61    	466.07	405	659
4  	73    	455.08	373	641
5  	78    	446.03	369	587
6  	75    	434.56	323	572
7  	69    	420.42	323	582
8  	58    	407.51	323	596
9  	55    	391   	312	621
10 	62    	378.77	312	570
11 	76    	362.05	312	670
12 	66    	344.37	312	542
13 	70    	327.36	312	510
14 	70    	335.28	312	526
15 	59    	324.1 	312	469
16 	70    	331.34	312	513
17 	80    	330.33	312	503
18 	71    	334.3 	312	563
19 	72    	330.14	312	510
20 	68    	326.26	312	541
21 	69    	329.26	312	536
22 	69    	323.69	312	490
23 	69    	322.23	312	490
24 	66    	326.65	312	451
25 	57    	330.93	312	559
26 	80    	332.52	312	518
27 	66    	332.61	312	524
28 	66    	340.46	312	620
29 	61    	327.77	312	637
30 	71    	331.65	312	513
31 	79    	333.46	312	510
32 	76    	332.46	312	510
33 	73    	328.13	312	510
34 	75    	329.42	312	578
35 	64    	326.93	312	526
36 	75    	339.05	312	515
37 	66    	330.22	312	496
38 	70    	334.33	312	510
39 	72    	325.47	312	516
40 	77    	333.05	312	585
41 	68    	328.68	312	634
42 	65    	328.65	312	496
43 	69    	322.95	312	527
44 	63    	329.29	312	527
45 	67    	326.57	312	525
46 	74    	325.1 	312	517
47 	73    	324.49	312	543
48 	72    	334.65	312	503
49 	65    	335.49	312	521
50 	72    	329.28	312	503
51 	61    	324.8 	312	510
52 	63    	325.16	312	520
53 	59    	318.5 	312	503
54 	72    	330.03	312	621
55 	63    	331.66	312	576
56 	57    	322.37	312	477
57 	66    	330.36	312	585
58 	74    	324.09	312	510
59 	66    	321.6 	312	458
60 	67    	331.04	312	604
61 	77    	328.26	312	534
62 	72    	323.31	312	510
63 	74    	325.39	312	636
64 	62    	330.4 	312	503
65 	78    	332.67	312	510
66 	68    	328.92	312	546
67 	73    	329.58	312	636
68 	72    	329.31	312	520
69 	67    	324.53	312	458
70 	68    	324.75	312	544
71 	61    	326.7 	312	479
72 	63    	326.98	312	578
73 	72    	332.1 	312	588
74 	71    	324.68	312	591
75 	81    	334.07	312	589
76 	61    	327.65	312	526
77 	66    	332.42	312	626
78 	63    	333.62	312	512
79 	66    	329.18	312	525
80 	62    	322.04	312	496
81 	71    	326.12	312	525
82 	73    	332.85	312	568
83 	61    	325.18	312	510
84 	69    	327.12	312	526
85 	73    	337.04	312	585
86 	71    	331.16	312	513
87 	69    	326.52	312	503
88 	78    	328.21	312	547
89 	68    	326.65	312	510
90 	76    	329   	312	522
91 	73    	337.03	312	546
92 	78    	334.93	312	548
93 	72    	336.53	312	573
94 	66    	324.98	312	498
95 	66    	332.77	312	513
96 	58    	327.46	312	531
97 	74    	330.59	312	597
98 	68    	329.12	312	515
99 	65    	327.19	312	508
100	65    	331.33	312	589
-------------------- 19 ---------------------
log: gen	nevals	mean  	min	max
0  	100   	544.53	421	659
1  	79    	508.52	418	632
2  	70    	479.33	372	614
3  	64    	444.64	372	534
4  	59    	424.18	338	523
5  	71    	415.34	333	542
6  	67    	393.54	338	525
7  	71    	381.23	336	530
8  	71    	362   	336	607
9  	70    	356.41	327	536
10 	70    	355.28	327	578
11 	65    	360.09	327	501
12 	77    	347.44	327	576
13 	77    	353.32	327	585
14 	72    	344.88	327	525
15 	78    	350.51	327	583
16 	69    	338.56	327	496
17 	73    	343.31	327	506
18 	66    	338.29	327	476
19 	78    	338.96	327	544
20 	76    	344.41	327	597
21 	72    	345.78	327	489
22 	62    	338.14	327	505
23 	68    	343.01	327	599
24 	69    	343.95	327	525
25 	69    	344.05	327	519
26 	62    	345.54	327	526
27 	77    	335.47	327	445
28 	72    	341.07	327	553
29 	75    	340.09	327	489
30 	68    	338.97	327	525
31 	58    	340.72	327	560
32 	76    	336.19	327	466
33 	74    	342.14	327	515
34 	66    	343.03	327	515
35 	72    	341.19	327	489
36 	63    	343.47	327	525
37 	65    	343.92	327	548
38 	80    	341.52	327	610
39 	65    	346.54	327	584
40 	63    	349.78	327	560
41 	78    	346.93	327	525
42 	69    	344.37	327	584
43 	78    	342.51	327	505
44 	74    	340.21	327	516
45 	72    	349.46	327	526
46 	73    	346.15	327	604
47 	71    	338.57	327	602
48 	67    	341.27	327	485
49 	69    	338.86	327	583
50 	68    	339.03	327	490
51 	68    	341.55	327	598
52 	67    	344.56	327	553
53 	69    	350.13	327	524
54 	67    	335.21	327	444
55 	70    	345.92	327	609
56 	65    	334.85	327	495
57 	61    	353.15	327	570
58 	82    	342.6 	327	634
59 	76    	342.72	327	525
60 	72    	348.01	327	505
61 	65    	338.94	327	525
62 	71    	350.82	327	570
63 	64    	343.65	327	499
64 	63    	343.33	327	525
65 	77    	348.58	327	577
66 	71    	339.2 	327	529
67 	69    	350.5 	327	537
68 	57    	340.61	327	505
69 	74    	341.26	327	525
70 	65    	340.91	327	476
71 	65    	346.26	327	505
72 	72    	347.37	327	558
73 	67    	339.79	327	550
74 	69    	336.37	327	459
75 	70    	342   	327	541
76 	71    	340.22	327	509
77 	70    	337.02	327	466
78 	74    	340.91	327	505
79 	69    	353.28	327	570
80 	64    	340.3 	327	525
81 	63    	347.62	327	525
82 	64    	338.01	327	525
83 	73    	337.59	327	496
84 	60    	338.57	327	459
85 	75    	342.04	327	505
86 	69    	347.63	327	525
87 	70    	350.45	327	525
88 	69    	341.1 	327	489
89 	67    	347.42	327	606
90 	67    	346.24	327	502
91 	75    	345.9 	327	622
92 	84    	342.42	327	505
93 	74    	347.17	327	537
94 	73    	339.32	327	505
95 	63    	337.17	327	527
96 	82    	348.97	327	618
97 	65    	341.72	327	502
98 	67    	342.82	327	558
99 	83    	345.29	327	496
100	50    	345.27	327	542
-------------------- 20 ---------------------
log: gen	nevals	mean  	min	max
0  	100   	551.21	386	659
1  	67    	498.38	386	637
2  	75    	458.18	364	613
3  	66    	438.47	364	598
4  	75    	408.8 	353	549
5  	76    	400.53	353	555
6  	70    	383.46	334	540
7  	64    	383.43	319	549
8  	75    	379.86	306	535
9  	76    	363.78	306	490
10 	67    	355.56	306	545
11 	64    	335.93	306	523
12 	69    	329.17	306	517
13 	61    	321.68	306	475
14 	60    	316.14	306	505
15 	73    	326.92	306	659
16 	78    	324.3 	306	564
17 	66    	321.8 	306	484
18 	73    	326.58	306	539
19 	70    	320.11	306	504
20 	68    	326.08	306	490
21 	78    	322.64	306	499
22 	82    	323.06	306	504
23 	66    	319.79	306	505
24 	61    	326   	306	468
25 	73    	323.31	306	549
26 	73    	321.18	306	500
27 	79    	334.67	306	551
28 	74    	325.22	306	499
29 	66    	322   	306	525
30 	60    	321.68	306	475
31 	71    	319.06	306	492
32 	70    	320.51	306	497
33 	72    	320.89	306	527
34 	67    	316.27	306	490
35 	76    	326.6 	306	578
36 	75    	327.26	306	535
37 	76    	316.81	306	490
38 	68    	322.96	306	605
39 	69    	327.48	306	514
40 	68    	321.1 	306	500
41 	63    	318.78	306	497
42 	73    	337.57	306	578
43 	71    	320.47	306	497
44 	78    	334.67	306	589
45 	77    	319.95	306	558
46 	67    	320.9 	306	497
47 	72    	318.76	306	559
48 	71    	323.56	306	610
49 	75    	338.06	306	558
50 	70    	326.24	306	543
51 	77    	325.82	306	514
52 	69    	318.86	306	510
53 	78    	331.16	306	564
54 	74    	320.37	306	499
55 	70    	323.01	306	471
56 	73    	318.31	306	504
57 	69    	318.61	306	504
58 	70    	324.14	306	545
59 	71    	324.74	306	497
60 	67    	319.48	306	497
61 	63    	323.73	306	490
62 	67    	318.92	306	497
63 	70    	313.67	306	470
64 	63    	325.75	306	510
65 	72    	329.34	306	593
66 	77    	332.54	306	517
67 	69    	324.96	306	484
68 	74    	327.2 	306	497
69 	78    	334.46	306	540
70 	82    	330.81	306	497
71 	64    	326.82	306	484
72 	72    	320.9 	306	504
73 	76    	319.77	306	475
74 	83    	325.03	306	497
75 	69    	327.71	306	497
76 	77    	320.83	306	484
77 	76    	326.79	306	577
78 	66    	325.75	306	497
79 	72    	329.64	306	620
80 	53    	312.34	306	490
81 	81    	323.76	306	525
82 	75    	332   	306	600
83 	64    	325.68	306	500
84 	69    	318.01	306	559
85 	61    	319.8 	306	589
86 	82    	322.18	306	497
87 	72    	329.82	306	510
88 	78    	322.96	306	503
89 	69    	319.29	306	555
90 	68    	322.22	306	484
91 	69    	327.63	306	504
92 	67    	321.04	306	565
93 	67    	326.08	306	512
94 	66    	320.85	306	525
95 	72    	327.84	306	558
96 	78    	326.92	306	504
97 	66    	322.58	306	524
98 	69    	319.36	306	489
99 	79    	323.17	306	578
100	74    	321.45	306	533
-------------------- 21 ---------------------
log: gen	nevals	mean  	min	max
0  	100   	544.38	428	688
1  	73    	508.25	428	622
2  	64    	481.81	388	602
3  	75    	469.25	359	610
4  	65    	451.96	359	585
5  	73    	430.91	359	563
6  	72    	422.49	348	609
7  	71    	397.18	328	552
8  	69    	393.1 	328	557
9  	72    	387.23	323	528
10 	72    	390.78	323	608
11 	72    	380.79	323	546
12 	68    	370.16	323	551
13 	76    	369.19	323	523
14 	61    	359.82	323	584
15 	68    	341.03	323	492
16 	67    	343.25	323	514
17 	66    	349.43	323	535
18 	77    	344.11	323	534
19 	72    	340.17	323	522
20 	68    	342.26	323	525
21 	67    	338.47	323	538
22 	77    	333.96	323	465
23 	61    	330.9 	323	501
24 	68    	337.22	323	481
25 	66    	331.96	323	501
26 	73    	337.38	323	522
27 	82    	344.92	323	542
28 	73    	336.03	323	514
29 	66    	341.18	323	514
30 	74    	344.03	323	556
31 	79    	337.01	323	529
32 	74    	339.23	323	525
33 	66    	334.3 	323	517
34 	70    	335.88	323	507
35 	75    	339.12	323	529
36 	64    	332.69	323	534
37 	77    	347.5 	323	529
38 	69    	348.03	323	546
39 	68    	342.54	323	501
40 	68    	337.06	323	523
41 	70    	343.29	323	521
42 	75    	335.19	323	514
43 	75    	348.65	323	543
44 	73    	348.52	323	521
45 	73    	339.1 	323	514
46 	73    	336.45	323	507
47 	77    	342.55	323	612
48 	72    	337.25	323	554
49 	66    	334.64	323	538
50 	73    	334.77	323	507
51 	68    	335.99	323	506
52 	75    	348.1 	323	525
53 	69    	343.52	323	529
54 	72    	340.87	323	514
55 	73    	339.52	323	558
56 	58    	333.67	323	514
57 	64    	342.02	323	537
58 	73    	337.61	323	530
59 	69    	343.03	323	613
60 	73    	342.74	323	540
61 	66    	333.41	323	514
62 	76    	334.69	323	521
63 	67    	340.17	323	575
64 	69    	331.76	323	501
65 	71    	334.34	323	507
66 	68    	337.11	323	485
67 	70    	335.52	323	448
68 	80    	340.57	323	557
69 	75    	340.92	323	537
70 	77    	337.02	323	530
71 	76    	350.77	323	640
72 	72    	347.58	323	575
73 	67    	341.82	323	564
74 	70    	334.99	323	485
75 	66    	343.01	323	534
76 	70    	339.87	323	485
77 	81    	339.39	323	521
78 	76    	343.69	323	592
79 	71    	338.53	323	514
80 	67    	331.62	323	569
81 	59    	335.77	323	501
82 	64    	345.96	323	546
83 	67    	339.31	323	521
84 	69    	340.5 	323	530
85 	64    	336.62	323	543
86 	69    	334.65	323	501
87 	69    	335.19	323	529
88 	69    	336.1 	323	485
89 	66    	335.39	323	501
90 	63    	336.1 	323	517
91 	60    	331.24	323	521
92 	77    	340.56	323	555
93 	67    	336.89	323	514
94 	74    	334.47	323	521
95 	68    	342.17	323	553
96 	74    	342.07	323	552
97 	72    	334.8 	323	521
98 	72    	347.24	323	539
99 	62    	334.99	323	517
100	67    	339.21	323	576
-------------------- 22 ---------------------
log: gen	nevals	mean  	min	max
0  	100   	544.15	418	655
1  	67    	509.04	418	629
2  	84    	476.35	368	651
3  	72    	460.73	368	568
4  	68    	442.23	358	595
5  	76    	431.92	358	604
6  	72    	402.31	358	566
7  	70    	384.99	319	522
8  	79    	386.09	319	615
9  	73    	368.74	306	606
10 	56    	355.45	306	577
11 	68    	337.77	306	510
12 	78    	323.48	306	477
13 	62    	323.29	306	502
14 	63    	325.63	306	652
15 	72    	330.63	306	567
16 	70    	321.71	306	621
17 	66    	323.73	306	555
18 	73    	322.3 	306	475
19 	61    	320.98	306	501
20 	64    	327.54	306	504
21 	65    	330.11	306	588
22 	66    	325.11	306	490
23 	57    	322.4 	306	604
24 	70    	326.7 	306	588
25 	65    	325.13	306	497
26 	66    	321.77	306	504
27 	71    	325.39	306	490
28 	62    	323.75	306	504
29 	71    	324.48	306	541
30 	67    	321.75	306	510
31 	56    	317.07	306	603
32 	68    	327.81	306	508
33 	74    	319.43	306	468
34 	72    	319.72	306	497
35 	68    	320.38	306	504
36 	74    	321.78	306	532
37 	68    	318.29	306	497
38 	75    	322.81	306	497
39 	78    	324.22	306	535
40 	61    	319.5 	306	484
41 	70    	320.88	306	506
42 	70    	318.61	306	497
43 	63    	325.21	306	577
44 	65    	323.48	306	546
45 	79    	320.5 	306	503
46 	75    	318.38	306	484
47 	75    	328.09	306	546
48 	76    	317.72	306	497
49 	66    	318.55	306	490
50 	78    	329.67	306	541
51 	67    	318.52	306	490
52 	71    	324.5 	306	549
53 	68    	333.17	306	621
54 	72    	329.69	306	497
55 	74    	326.52	306	504
56 	68    	328.67	306	584
57 	66    	314.27	306	475
58 	66    	328.1 	306	559
59 	69    	316.29	306	475
60 	66    	322.22	306	484
61 	65    	321.57	306	524
62 	79    	330.64	306	510
63 	56    	312.46	306	434
64 	69    	328.71	306	563
65 	68    	322.69	306	504
66 	70    	328.17	306	605
67 	78    	331.38	306	527
68 	70    	328.32	306	618
69 	68    	323.45	306	592
70 	69    	322.17	306	504
71 	67    	318.22	306	497
72 	65    	319.97	306	576
73 	77    	329.32	306	490
74 	73    	323.3 	306	536
75 	70    	322.7 	306	573
76 	64    	321.07	306	504
77 	68    	328.08	306	615
78 	72    	326.32	306	502
79 	80    	328.13	306	504
80 	78    	326.61	306	553
81 	67    	330.86	306	555
82 	73    	323.39	306	605
83 	67    	319.57	306	475
84 	69    	324.45	306	578
85 	74    	326.62	306	659
86 	70    	318.82	306	490
87 	65    	325.71	306	646
88 	73    	322.75	306	536
89 	69    	316.99	306	534
90 	80    	325.3 	306	543
91 	78    	329.11	306	543
92 	66    	323.84	306	581
93 	73    	328.45	306	497
94 	71    	317.95	306	588
95 	70    	325.23	306	546
96 	63    	320.46	306	497
97 	81    	325.48	306	559
98 	59    	324.95	306	630
99 	84    	331.84	306	563
100	82    	326.44	306	504
-------------------- 23 ---------------------
log: gen	nevals	mean  	min	max
0  	100   	551.89	408	670
1  	69    	501.93	408	647
2  	67    	473.91	408	603
3  	62    	440.74	380	589
4  	72    	425.16	354	563
5  	67    	419.51	354	547
6  	73    	410.42	344	558
7  	60    	389.46	334	564
8  	74    	371.27	327	477
9  	69    	371.18	319	511
10 	76    	368.25	319	581
11 	75    	367.25	319	532
12 	73    	350.88	319	488
13 	71    	352.77	319	586
14 	67    	333.85	306	516
15 	79    	328.3 	306	492
16 	78    	349.96	306	627
17 	73    	341.74	306	613
18 	67    	336.13	306	555
19 	77    	334.29	306	536
20 	62    	322.03	306	543
21 	62    	316.52	306	490
22 	70    	317.85	306	546
23 	79    	322.61	306	504
24 	69    	326.21	306	519
25 	89    	329.65	306	578
26 	72    	324.42	306	484
27 	75    	328.87	306	558
28 	81    	329.39	306	504
29 	70    	311.94	306	543
30 	70    	328.38	306	597
31 	68    	327.46	306	517
32 	68    	318.42	306	501
33 	79    	320.02	306	484
34 	76    	338.34	306	512
35 	73    	323.2 	306	525
36 	69    	326.4 	306	555
37 	75    	331.13	306	489
38 	69    	324.96	306	521
39 	80    	327.76	306	555
40 	79    	318.65	306	557
41 	60    	315.86	306	466
42 	64    	319.05	306	466
43 	70    	323.3 	306	497
44 	69    	312.75	306	475
45 	66    	318.42	306	521
46 	57    	322.15	306	503
47 	67    	321.57	306	497
48 	75    	325.59	306	543
49 	76    	325.02	306	579
50 	79    	327.32	306	564
51 	59    	319.5 	306	497
52 	62    	317.28	306	569
53 	62    	323.18	306	513
54 	62    	320.09	306	504
55 	79    	319.54	306	475
56 	70    	320.15	306	541
57 	60    	327.69	306	582
58 	71    	322.31	306	496
59 	66    	326.99	306	552
60 	68    	321.68	306	512
61 	61    	319.8 	306	504
62 	67    	325.77	306	518
63 	75    	317.87	306	459
64 	65    	326.08	306	532
65 	78    	322.78	306	553
66 	72    	325.8 	306	559
67 	77    	324.15	306	607
68 	68    	322.62	306	497
69 	79    	328.68	306	497
70 	77    	328.07	306	557
71 	69    	321.91	306	461
72 	73    	322.55	306	497
73 	72    	332.75	306	584
74 	75    	325.66	306	554
75 	72    	322.63	306	497
76 	73    	325.65	306	504
77 	68    	321.13	306	504
78 	69    	322.12	306	490
79 	68    	323.02	306	484
80 	71    	331.61	306	550
81 	68    	326.91	306	632
82 	65    	330.09	306	637
83 	68    	325.85	306	490
84 	73    	326.77	306	504
85 	68    	330.53	306	615
86 	68    	324.68	306	497
87 	71    	316.55	306	475
88 	68    	326.65	306	508
89 	64    	321.97	306	659
90 	75    	337.09	306	568
91 	65    	329.07	306	578
92 	76    	324.79	306	506
93 	75    	326.14	306	504
94 	66    	326.89	306	574
95 	69    	313.81	306	461
96 	74    	324.21	306	546
97 	67    	315.72	306	484
98 	68    	320.67	306	492
99 	75    	318.22	306	527
100	66    	325.55	306	578
-------------------- 24 ---------------------
log: gen	nevals	mean  	min	max
0  	100   	543.5 	361	658
1  	73    	496.21	357	589
2  	73    	464.48	357	632
3  	64    	430.98	355	584
4  	70    	413.24	317	576
5  	69    	388.54	317	606
6  	64    	378.46	317	548
7  	71    	366.4 	317	491
8  	72    	373.76	317	515
9  	73    	357.22	317	517
10 	80    	355.44	317	501
11 	77    	334.47	317	501
12 	62    	343   	317	554
13 	68    	328.52	317	515
14 	73    	332.41	317	515
15 	70    	338.49	317	543
16 	62    	325.25	317	501
17 	62    	341.8 	317	577
18 	62    	333.29	317	518
19 	75    	336.11	317	515
20 	67    	337.34	317	581
21 	70    	330.42	317	545
22 	72    	328.69	317	515
23 	76    	327.27	317	500
24 	64    	334.94	317	515
25 	72    	336.74	317	591
26 	65    	336.99	317	550
27 	67    	326.6 	317	520
28 	67    	338.2 	317	578
29 	72    	332.76	317	580
30 	72    	333.42	317	528
31 	71    	340.05	317	566
32 	79    	329.97	317	494
33 	79    	338.24	317	515
34 	64    	330.84	317	515
35 	77    	334.56	317	609
36 	65    	334.29	317	544
37 	70    	333.02	317	508
38 	63    	338.58	317	603
39 	66    	322.2 	317	444
40 	72    	334.42	317	508
41 	67    	330.8 	317	564
42 	69    	337.82	317	559
43 	69    	333.31	317	520
44 	73    	334.08	317	522
45 	67    	335.26	317	541
46 	60    	330.7 	317	566
47 	81    	338.12	317	508
48 	72    	336.8 	317	604
49 	73    	321.4 	317	414
50 	71    	336.22	317	545
51 	61    	328.31	317	495
52 	66    	337.97	317	632
53 	70    	338.43	317	559
54 	72    	336.15	317	515
55 	67    	335.94	317	555
56 	70    	341.96	317	543
57 	69    	338.15	317	593
58 	66    	325.9 	317	477
59 	69    	332.84	317	547
60 	74    	337.08	317	521
61 	61    	335.62	317	508
62 	75    	327.86	317	515
63 	60    	331.71	317	508
64 	64    	340.64	317	515
65 	66    	336.37	317	515
66 	73    	332.29	317	501
67 	76    	335.7 	317	495
68 	72    	331.56	317	544
69 	74    	339.79	317	585
70 	71    	338.84	317	514
71 	81    	336.88	317	545
72 	66    	332.33	317	501
73 	65    	333.5 	317	492
74 	67    	334.69	317	631
75 	74    	329.18	317	515
76 	59    	335.77	317	559
77 	62    	329.35	317	508
78 	70    	340.68	317	590
79 	69    	329.01	317	515
80 	55    	327.8 	317	493
81 	60    	329.66	317	482
82 	69    	333.15	317	508
83 	76    	332.85	317	547
84 	75    	340.27	317	575
85 	78    	330.82	317	527
86 	73    	333.49	317	515
87 	71    	338.64	317	515
88 	75    	330.16	317	515
89 	71    	326.81	317	495
90 	74    	333.79	317	624
91 	79    	335.71	317	571
92 	67    	331.99	317	569
93 	70    	342.82	317	603
94 	69    	332.67	317	508
95 	66    	327.35	317	520
96 	75    	331.88	317	508
97 	67    	342.21	317	579
98 	67    	330.58	317	540
99 	72    	341.77	317	547
100	63    	339.62	317	564
-------------------- 25 ---------------------
log: gen	nevals	mean  	min	max
0  	100   	540.25	368	658
1  	65    	486.34	345	590
2  	65    	442.68	345	617
3  	75    	408.54	328	549
4  	71    	378.02	312	537
5  	70    	363.23	312	544
6  	67    	352.76	312	578
7  	63    	335.35	312	471
8  	64    	325.79	312	508
9  	69    	327.29	312	524
10 	77    	333.38	312	503
11 	68    	331.62	312	510
12 	69    	323.56	312	503
13 	56    	327.6 	312	564
14 	77    	326.4 	312	503
15 	79    	332.37	312	524
16 	64    	325.58	312	496
17 	66    	330.62	312	538
18 	65    	329.37	312	516
19 	72    	315.28	312	438
20 	73    	337.69	312	565
21 	73    	326.51	312	496
22 	77    	335.86	312	521
23 	71    	328.02	312	585
24 	70    	327.06	312	565
25 	69    	330.35	312	621
26 	68    	325.99	312	637
27 	64    	323.05	312	522
28 	83    	343.39	312	535
29 	63    	323.3 	312	524
30 	62    	335.32	312	539
31 	67    	324.57	312	547
32 	76    	334   	312	526
33 	68    	329.34	312	525
34 	68    	324.06	312	536
35 	63    	329.57	312	510
36 	70    	332.27	312	565
37 	71    	323.9 	312	477
38 	65    	334.15	312	510
39 	72    	329.3 	312	510
40 	66    	325.39	312	558
41 	66    	329.7 	312	576
42 	76    	330.61	312	477
43 	69    	335.15	312	571
44 	75    	335.64	312	531
45 	50    	325.59	312	481
46 	70    	334.34	312	571
47 	68    	323.92	312	483
48 	73    	331.69	312	510
49 	82    	333.3 	312	578
50 	73    	330.01	312	627
51 	71    	328.48	312	510
52 	70    	329.02	312	613
53 	58    	323.24	312	496
54 	72    	329.2 	312	547
55 	69    	332.38	312	510
56 	70    	349.33	312	636
57 	64    	328.23	312	510
58 	66    	334.38	312	620
59 	77    	327.46	312	503
60 	61    	329.51	312	496
61 	71    	325.44	312	477
62 	72    	333.41	312	510
63 	72    	324.21	312	525
64 	76    	325.88	312	510
65 	68    	322.35	312	510
66 	64    	321.9 	312	607
67 	63    	334.07	312	510
68 	74    	329.14	312	536
69 	68    	328.76	312	510
70 	77    	335.94	312	556
71 	70    	329.1 	312	528
72 	81    	333.21	312	582
73 	61    	323.96	312	481
74 	61    	340.16	312	604
75 	64    	321.48	312	467
76 	68    	331.17	312	543
77 	74    	333.59	312	496
78 	74    	326.6 	312	526
79 	71    	339.65	312	595
80 	71    	331.2 	312	505
81 	65    	326.36	312	496
82 	72    	339.87	312	546
83 	63    	332.67	312	570
84 	67    	334.22	312	510
85 	73    	330.16	312	503
86 	67    	331.24	312	537
87 	62    	321.69	312	477
88 	69    	324.2 	312	496
89 	74    	328.22	312	503
90 	72    	326.38	312	538
91 	75    	319.53	312	468
92 	75    	327.45	312	490
93 	73    	326.3 	312	541
94 	72    	326.72	312	578
95 	75    	333.22	312	584
96 	72    	328.58	312	510
97 	67    	326.54	312	477
98 	67    	329.65	312	491
99 	68    	328.72	312	578
100	73    	326.38	312	520
-------------------- 26 ---------------------
log: gen	nevals	mean  	min	max
0  	100   	540.43	411	663
1  	70    	502.24	411	605
2  	52    	466.75	369	588
3  	66    	442.09	369	550
4  	68    	426.17	369	541
5  	69    	427.49	369	601
6  	76    	421.16	366	588
7  	58    	390.11	366	571
8  	79    	387.32	369	518
9  	75    	380.67	306	540
10 	66    	379.19	306	547
11 	74    	371.35	306	544
12 	83    	364.26	306	532
13 	69    	333.16	306	589
14 	77    	320.28	306	452
15 	72    	322.1 	306	497
16 	73    	324.38	306	591
17 	78    	322.59	306	507
18 	69    	331.71	306	528
19 	73    	313.01	306	452
20 	74    	323.88	306	607
21 	72    	331.3 	306	505
22 	68    	320.08	306	493
23 	72    	330.84	306	604
24 	81    	327.63	306	605
25 	70    	326.8 	306	543
26 	70    	328.82	306	540
27 	66    	318.43	306	517
28 	68    	321.37	306	464
29 	64    	330.89	306	600
30 	76    	322.95	306	497
31 	78    	317.82	306	484
32 	67    	327.15	306	534
33 	70    	329.53	306	510
34 	63    	321.09	306	496
35 	75    	325.62	306	555
36 	68    	330.55	306	610
37 	74    	327.66	306	504
38 	69    	320.01	306	537
39 	64    	318.59	306	490
40 	70    	316.55	306	525
41 	61    	322.57	306	504
42 	70    	325.87	306	555
43 	64    	323.66	306	500
44 	62    	325.32	306	549
45 	72    	329.02	306	507
46 	62    	317.32	306	521
47 	72    	326.03	306	557
48 	64    	321.18	306	490
49 	73    	329.22	306	618
50 	70    	328.16	306	550
51 	64    	317.67	306	504
52 	71    	318.9 	306	461
53 	68    	333.19	306	543
54 	64    	326.15	306	484
55 	65    	323.55	306	504
56 	70    	323.81	306	535
57 	75    	322.75	306	521
58 	63    	322.38	306	572
59 	72    	329.41	306	541
60 	70    	326.14	306	536
61 	73    	328.86	306	496
62 	72    	316.56	306	577
63 	68    	319.43	306	529
64 	70    	325.41	306	497
65 	56    	318.59	306	501
66 	72    	316.97	306	497
67 	65    	339.45	306	575
68 	83    	324.77	306	504
69 	68    	321.93	306	504
70 	67    	314.57	306	450
71 	66    	325.45	306	530
72 	68    	321.51	306	494
73 	60    	323.89	306	543
74 	70    	325.57	306	607
75 	70    	322.28	306	554
76 	67    	323.92	306	605
77 	75    	321.84	306	508
78 	65    	320.85	306	504
79 	66    	320.57	306	503
80 	72    	323.11	306	536
81 	61    	322.87	306	532
82 	67    	323.62	306	549
83 	78    	329.26	306	550
84 	68    	319.14	306	504
85 	68    	332.54	306	497
86 	66    	313.97	306	452
87 	68    	327.31	306	564
88 	63    	318.2 	306	557
89 	63    	327.75	306	578
90 	62    	320.12	306	581
91 	74    	326.73	306	535
92 	64    	321.15	306	497
93 	58    	325.35	306	497
94 	68    	315.65	306	490
95 	72    	326.79	306	528
96 	70    	333.2 	306	626
97 	66    	313.61	306	471
98 	61    	313.95	306	507
99 	72    	329.98	306	506
100	78    	321.59	306	497
-------------------- 27 ---------------------
log: gen	nevals	mean  	min	max
0  	100   	543.85	406	658
1  	71    	497.35	401	619
2  	74    	465.03	401	595
3  	83    	449.22	360	585
4  	72    	431.46	360	550
5  	69    	423.5 	357	631
6  	69    	406.27	357	555
7  	66    	392.19	355	546
8  	73    	383.02	347	520
9  	65    	375.05	347	534
10 	64    	369.03	330	551
11 	70    	374.27	330	520
12 	77    	358.25	330	503
13 	68    	348.86	330	504
14 	66    	355.02	330	492
15 	77    	357.05	330	549
16 	74    	343.58	317	564
17 	75    	343.56	317	504
18 	71    	339.37	317	495
19 	75    	345.52	317	552
20 	67    	346.27	317	542
21 	71    	328.7 	317	508
22 	77    	332.18	317	508
23 	75    	328.45	317	501
24 	74    	333.36	317	515
25 	67    	335.78	317	580
26 	72    	338.95	317	542
27 	65    	335.13	317	501
28 	68    	336.03	317	612
29 	75    	351.18	317	576
30 	70    	334.88	317	543
31 	65    	335.04	317	540
32 	75    	334.55	317	597
33 	71    	331.1 	317	555
34 	68    	337.33	317	523
35 	76    	331.23	317	482
36 	74    	329.91	317	545
37 	70    	329.52	317	478
38 	65    	335.73	317	515
39 	68    	332.26	317	513
40 	72    	338.59	317	565
41 	65    	329.57	317	495
42 	77    	332.29	317	490
43 	72    	340.81	317	568
44 	68    	332.34	317	495
45 	82    	335.49	317	503
46 	76    	337.44	317	547
47 	65    	340.68	317	553
48 	64    	327.29	317	515
49 	66    	326.96	317	506
50 	64    	338.78	317	513
51 	64    	331.3 	317	479
52 	67    	328.56	317	515
53 	59    	331.6 	317	572
54 	67    	333.32	317	612
55 	68    	330.78	317	579
56 	62    	338.79	317	520
57 	74    	335.46	317	505
58 	75    	334.17	317	511
59 	69    	335.91	317	592
60 	66    	326.79	317	471
61 	79    	330.93	317	596
62 	72    	336.17	317	515
63 	71    	337.75	317	563
64 	76    	334.54	317	501
65 	71    	327.84	317	515
66 	77    	346.8 	317	568
67 	71    	329.22	317	495
68 	60    	324.94	317	501
69 	73    	339.35	317	515
70 	67    	337.81	317	588
71 	65    	329.46	317	501
72 	79    	339.03	317	620
73 	69    	338.32	317	588
74 	83    	330.34	317	515
75 	65    	332.57	317	502
76 	49    	329.11	317	508
77 	81    	337.53	317	565
78 	62    	332.06	317	562
79 	62    	329.93	317	568
80 	77    	331.17	317	523
81 	63    	327.05	317	463
82 	64    	336.03	317	512
83 	70    	332.05	317	508
84 	61    	336.75	317	590
85 	72    	334.91	317	495
86 	78    	329.17	317	515
87 	81    	330.88	317	565
88 	68    	330.59	317	495
89 	68    	336.33	317	528
90 	70    	335.49	317	523
91 	73    	329.86	317	508
92 	71    	336.37	317	515
93 	74    	327.32	317	477
94 	70    	333.13	317	515
95 	70    	341.71	317	555
96 	73    	331.46	317	515
97 	69    	328.51	317	618
98 	74    	339.27	317	588
99 	79    	331.99	317	566
100	81    	339.16	317	496
-------------------- 28 ---------------------
log: gen	nevals	mean  	min	max
0  	100   	549.35	405	649
1  	73    	513.2 	379	602
2  	73    	493.07	360	624
3  	65    	458.85	360	583
4  	73    	438.68	343	586
5  	63    	428.87	338	558
6  	71    	404.43	338	610
7  	70    	379.03	338	573
8  	69    	363.64	306	537
9  	62    	358.78	306	503
10 	79    	365.68	306	571
11 	71    	363.62	306	619
12 	71    	346.27	306	576
13 	71    	336.58	306	667
14 	67    	315.03	306	470
15 	64    	321.07	306	543
16 	72    	331.91	306	578
17 	79    	330.69	306	504
18 	68    	326.57	306	536
19 	71    	322.04	306	504
20 	63    	318.27	306	471
21 	60    	330.33	306	532
22 	67    	321.75	306	504
23 	75    	333.88	306	504
24 	72    	325.98	306	527
25 	67    	324.98	306	588
26 	76    	329.37	306	510
27 	55    	324.74	306	504
28 	73    	325.37	306	497
29 	66    	318.41	306	592
30 	68    	313.89	306	452
31 	66    	324.1 	306	612
32 	79    	333.77	306	534
33 	72    	316.01	306	507
34 	77    	329.04	306	633
35 	58    	322.46	306	535
36 	71    	323.48	306	492
37 	71    	328.23	306	620
38 	75    	318.05	306	479
39 	75    	321.57	306	521
40 	57    	323.01	306	471
41 	67    	322.55	306	527
42 	72    	324.48	306	553
43 	67    	330.8 	306	527
44 	75    	326.15	306	523
45 	69    	328.3 	306	589
46 	68    	323.62	306	547
47 	68    	320.61	306	509
48 	83    	323.27	306	490
49 	77    	327.31	306	551
50 	74    	325.56	306	504
51 	72    	323.78	306	522
52 	66    	320.91	306	547
53 	78    	326.59	306	595
54 	72    	314.52	306	474
55 	73    	318.91	306	463
56 	71    	319.24	306	468
57 	74    	320.28	306	524
58 	65    	321.32	306	525
59 	63    	318.05	306	492
60 	73    	319.52	306	659
61 	64    	317.95	306	547
62 	74    	317.11	306	516
63 	64    	329.38	306	567
64 	66    	325.93	306	484
65 	71    	319.66	306	481
66 	68    	320.39	306	659
67 	74    	332.1 	306	620
68 	69    	322.75	306	543
69 	75    	315.22	306	521
70 	76    	322.91	306	566
71 	62    	325.13	306	490
72 	76    	316.02	306	461
73 	72    	320.11	306	490
74 	77    	323.64	306	490
75 	61    	314.92	306	475
76 	71    	319.4 	306	461
77 	78    	323.47	306	532
78 	70    	323.11	306	510
79 	71    	325.35	306	504
80 	67    	320.18	306	489
81 	78    	314.63	306	471
82 	72    	325.01	306	483
83 	68    	322.01	306	497
84 	66    	323   	306	592
85 	66    	322.19	306	509
86 	74    	324.79	306	558
87 	73    	323.24	306	557
88 	64    	321   	306	572
89 	68    	317.64	306	450
90 	69    	329.31	306	530
91 	72    	318.88	306	519
92 	80    	317.5 	306	471
93 	73    	323.18	306	519
94 	79    	323.06	306	504
95 	77    	320.87	306	493
96 	74    	322.44	306	555
97 	72    	331.36	306	588
98 	76    	331.68	306	593
99 	69    	325.29	306	533
100	73    	318.09	306	490
-------------------- 29 ---------------------
log: gen	nevals	mean  	min	max
0  	100   	538.03	412	649
1  	70    	495.44	412	618
2  	76    	474.57	362	614
3  	77    	452.67	362	569
4  	73    	432.99	362	565
5  	64    	409.37	332	594
6  	82    	389.16	332	554
7  	64    	370.63	332	604
8  	68    	368.53	312	570
9  	64    	355.35	332	528
10 	66    	347.17	312	532
11 	68    	341.28	312	477
12 	71    	340.61	312	513
13 	72    	347.57	312	581
14 	74    	333.23	312	660
15 	67    	326.58	312	519
16 	65    	323.63	312	619
17 	74    	327.16	312	472
18 	65    	329.36	312	626
19 	69    	325.35	312	544
20 	80    	326.14	312	490
21 	80    	337.37	312	564
22 	60    	331.81	312	510
23 	75    	328.63	312	503
24 	71    	334.54	312	604
25 	74    	329.72	312	568
26 	70    	325.77	312	503
27 	68    	326.33	312	510
28 	63    	338.71	312	541
29 	69    	323.75	312	510
30 	66    	331.25	312	583
31 	59    	326.58	312	503
32 	64    	327.52	312	585
33 	61    	332.66	312	506
34 	75    	324.01	312	561
35 	78    	329.12	312	543
36 	70    	338.7 	312	570
37 	76    	327.03	312	541
38 	75    	323.37	312	503
39 	75    	329.57	312	578
40 	60    	322.54	312	509
41 	66    	325.36	312	510
42 	69    	330.07	312	536
43 	62    	329.25	312	503
44 	70    	339.49	312	510
45 	77    	337.02	312	598
46 	70    	329.51	312	540
47 	71    	324   	312	510
48 	74    	335.49	312	521
49 	69    	327.73	312	490
50 	73    	327.55	312	496
51 	71    	330.21	312	554
52 	74    	327.85	312	525
53 	76    	336.23	312	550
54 	71    	332.72	312	510
55 	69    	333.63	312	516
56 	67    	331.8 	312	516
57 	66    	327.4 	312	563
58 	67    	331.09	312	496
59 	64    	330.31	312	510
60 	71    	333.8 	312	472
61 	57    	329.41	312	481
62 	69    	319.96	312	503
63 	71    	343.39	312	554
64 	69    	332.66	312	510
65 	82    	325.84	312	503
66 	62    	323.55	312	501
67 	68    	331   	312	510
68 	63    	321.09	312	490
69 	74    	337.91	312	571
70 	65    	331.21	312	536
71 	80    	323.78	312	503
72 	62    	328.39	312	519
73 	63    	328.16	312	521
74 	61    	328.37	312	586
75 	69    	324.22	312	521
76 	71    	325.98	312	522
77 	74    	328.71	312	509
78 	61    	328.6 	312	503
79 	61    	329.79	312	510
80 	72    	331.55	312	542
81 	56    	325.31	312	530
82 	66    	322.91	312	477
83 	72    	324.59	312	585
84 	63    	325.96	312	492
85 	77    	326.51	312	510
86 	72    	327.4 	312	539
87 	70    	321.84	312	495
88 	71    	325.83	312	536
89 	73    	326.3 	312	510
90 	76    	329.78	312	499
91 	72    	327.57	312	496
92 	72    	325.26	312	543
93 	58    	323.25	312	485
94 	62    	333.5 	312	572
95 	60    	324.29	312	490
96 	71    	329.12	312	501
97 	76    	330.67	312	510
98 	63    	328.07	312	481
99 	71    	329.09	312	513
100	70    	328.91	312	578
-------------------- 30 ---------------------
log: gen	nevals	mean  	min	max
0  	100   	548.15	391	648
1  	75    	495.64	391	625
2  	71    	464.63	358	610
3  	73    	437.63	358	582
4  	70    	420.25	340	533
5  	76    	398.65	340	571
6  	74    	373.38	340	525
7  	71    	364.2 	340	593
8  	73    	367.69	340	581
9  	72    	357.71	340	531
10 	71    	353.1 	340	521
11 	69    	352.88	340	554
12 	67    	350.66	340	518
13 	66    	361.64	340	550
14 	65    	353.23	311	641
15 	69    	358.37	311	571
16 	70    	356.53	311	531
17 	74    	353.37	311	541
18 	62    	351.84	311	566
19 	65    	339.08	311	648
20 	61    	328.34	311	571
21 	78    	327.59	311	468
22 	73    	331.67	311	511
23 	71    	329.96	311	598
24 	64    	334.4 	311	537
25 	70    	327.35	311	551
26 	68    	323.65	311	509
27 	75    	339.29	311	509
28 	69    	333.26	311	525
29 	72    	333.95	311	527
30 	69    	322.21	311	500
31 	63    	322.59	311	495
32 	58    	322.09	311	528
33 	71    	337.11	311	509
34 	73    	323.65	311	538
35 	74    	332.22	311	556
36 	69    	337.16	311	509
37 	63    	329.94	311	489
38 	62    	331.58	311	499
39 	66    	326.65	311	509
40 	59    	321.23	311	489
41 	72    	331.28	311	512
42 	73    	331.68	311	509
43 	81    	328.26	311	578
44 	70    	320.51	311	506
45 	80    	335.91	311	509
46 	63    	322.99	311	463
47 	68    	326.77	311	548
48 	73    	326.71	311	495
49 	67    	331.27	311	545
50 	74    	329.83	311	543
51 	67    	323.71	311	509
52 	67    	322.93	311	522
53 	77    	328.45	311	559
54 	63    	322.68	311	507
55 	63    	328.63	311	509
56 	70    	320.17	311	502
57 	75    	330.36	311	537
58 	66    	325.33	311	515
59 	72    	321.97	311	480
60 	67    	322.89	311	471
61 	70    	326.67	311	622
62 	65    	327.23	311	495
63 	68    	323.96	311	489
64 	67    	327.27	311	558
65 	69    	332.26	311	558
66 	66    	321.41	311	495
67 	66    	325.46	311	503
68 	67    	333.62	311	657
69 	67    	331.13	311	537
70 	70    	333.61	311	558
71 	70    	329.58	311	597
72 	68    	327.57	311	489
73 	70    	337.8 	311	553
74 	71    	339.46	311	645
75 	63    	329.65	311	545
76 	70    	328.08	311	498
77 	58    	327.47	311	613
78 	69    	326.22	311	501
79 	77    	324.33	311	509
80 	78    	328.46	311	514
81 	70    	325.65	311	521
82 	72    	333.49	311	535
83 	81    	326.11	311	547
84 	68    	326.75	311	505
85 	69    	332.45	311	517
86 	61    	329.52	311	531
87 	71    	326.86	311	561
88 	76    	327.07	311	489
89 	74    	337.77	311	521
90 	74    	328.67	311	509
91 	73    	324.03	311	502
92 	65    	338.39	311	524
93 	60    	334.02	311	503
94 	79    	329.96	311	553
95 	62    	320.51	311	486
96 	77    	323.29	311	510
97 	64    	331.5 	311	528
98 	78    	326.38	311	538
99 	69    	333.87	311	660
100	67    	326.48	311	505
